# logA ns H0 omegabh2 omegach2 tau omegam_growth DES_DZ_S1 DES_DZ_S2 DES_DZ_S3 DES_DZ_S4 DES_M1 DES_M2 DES_M3 DES_M4 A_planck calib_100T calib_217T A_cib_217 xi_sz_cib A_sz ksz_norm gal545_A_100 gal545_A_143 gal545_A_143_217 gal545_A_217 ps_A_100_100 ps_A_143_143 ps_A_143_217 ps_A_217_217 galf_TE_A_100 galf_TE_A_100_143 galf_TE_A_100_217 galf_TE_A_143 galf_TE_A_143_217 galf_TE_A_217 DES_A1_1 DES_A1_2 DES_A2_1 DES_A2_2 DES_BTA_1
5.168979212459369520e-04 2.149215928740035508e-04 5.088975945738486578e-03 3.878528753664380263e-06 2.543314285734210093e-05 1.123968975879240437e-04 -1.999181315167614223e-04 -3.623425353622390352e-06 4.924124505380309595e-06 -4.642227181632747611e-06 -5.029144423353515709e-06 -3.576233111883099185e-07 2.228671818817606587e-06 -3.340262031548689768e-06 -4.241211616529354872e-06 6.040849154311401545e-06 2.156787416119789704e-07 -9.680953330379752973e-08 5.315625158408936179e-04 1.312121011747829579e-05 -1.107375092999465186e-03 6.760260346644408414e-04 4.656827818427924709e-04 3.879143037585869682e-04 9.797917974069430774e-08 -3.386047047939619607e-04 -7.409509254869962869e-02 -3.888563222041826334e-02 1.405537998537592301e-02 -9.176114254806390369e-04 1.559888674756017862e-06 2.786965374775179277e-06 -9.508697440627370348e-06 -1.071003367172359972e-05 7.052637431429028937e-06 -2.140516399630541626e-05 4.803833521548164440e-03 -3.662737076649839798e-04 3.377470109736335942e-03 2.708933084119004254e-04 5.714684700167693178e-04
2.149215928740035508e-04 1.920039841305389678e-04 5.152005072034218300e-03 3.074807649951941668e-06 1.387610999120427760e-05 1.146577124204699175e-05 -5.532465672102489929e-05 -1.717289217256000262e-06 2.228113030751155956e-06 -7.875862063122608419e-07 5.139391618598691316e-07 -7.358811859203410346e-08 1.383943932409256369e-06 -1.424704567311711766e-06 -2.257687743599082800e-06 -3.258360876981458734e-06 1.099605164703247838e-08 1.265297512484397386e-08 1.204347921553439388e-03 -7.921210929466237650e-07 -8.985525099738791511e-04 6.140697788211444763e-04 1.049715265799366351e-03 6.514147181607382424e-04 -3.490344796717418670e-05 -1.336181513108708821e-03 -4.107639803920428573e-02 -2.335626517027051749e-02 -1.900132075329055183e-03 7.519409043157662675e-03 3.424321570076981826e-06 4.827688347725347915e-06 2.628488696119535812e-06 -3.740883552236453156e-06 -4.992690812344682047e-06 -3.498606064695059807e-06 1.983097108648954488e-03 -5.330418212894816755e-04 2.115389769212982444e-03 -1.862906394292922099e-04 6.315388623648183998e-04
5.088975945738486578e-03 5.152005072034218300e-03 4.223378645356392069e-01 1.590329855045695027e-04 1.117312600192632869e-04 5.531733595974865645e-04 -2.434353196987015290e-05 8.573603565876089050e-05 4.610082444583640484e-05 2.061212480106703170e-05 1.683570072854392071e-04 4.006528090619014440e-05 1.621016918142584597e-05 4.079110740808667308e-05 -2.710010160246245081e-05 -7.059649080383470748e-05 1.625742166675689002e-06 -2.516272269113639255e-06 -7.053519763495014194e-02 5.235131199818035454e-04 -1.382482231542878602e-02 1.846500093320434591e-02 1.959168108595546812e-02 1.181570581538613114e-02 6.806103652936026406e-03 -3.441408585867082592e-02 -2.239206952403206830e-01 7.099443645944809346e-03 -1.244672320225908985e-01 -7.099700147928851290e-01 -5.991822314495836031e-05 6.555588302321318909e-05 -3.168077288707801418e-04 -2.752438877357127876e-04 -2.546165272171874855e-04 2.355878805888580313e-03 -1.208113769115536779e-02 -4.747413638073624126e-03 4.695844192021120939e-02 4.945161989113461970e-02 1.455412539602323613e-02
3.878528753664380263e-06 3.074807649951941668e-06 1.590329855045695027e-04 9.878635210747572423e-08 3.494665190154838589e-07 1.059330674033201819e-07 -1.553818475146208951e-06 -2.506498513370087340e-08 2.746094688086307542e-08 5.703933115213503681e-09 5.339617347695076232e-08 8.565304928710825805e-09 2.093624335453280779e-08 -2.418653794249183468e-08 -4.105088917199374817e-08 -4.207623647734810559e-08 3.062170537500145118e-09 -2.471201853240729938e-10 -8.470125761358568374e-05 2.176787964107215655e-07 -1.191219928379226306e-05 1.028015101194670979e-05 1.180317168941635992e-05 6.665022406893139380e-06 2.118726195326088609e-06 1.443525647888130134e-06 -3.248926025230341975e-04 1.256130309839710475e-07 1.933170883047492610e-04 -1.976245494794883623e-04 1.098175789957851964e-07 -2.877013130905856676e-08 8.595792693821532015e-08 -1.587823357679579445e-07 -1.041093432040495185e-07 5.397147123261359544e-07 2.917641551941534678e-05 -8.629422021990150667e-07 3.859036335652796614e-05 1.526116370931929591e-05 1.041253703725410336e-05
2.543314285734210093e-05 1.387610999120427760e-05 1.117312600192632869e-04 3.494665190154838589e-07 4.306849714355301228e-06 -1.782527605090273127e-06 -1.553769082288616361e-05 -5.455221384282945373e-07 4.180597995752624640e-07 -1.309327241534385393e-08 -2.418660634614947776e-07 -9.618768200511439684e-09 1.622390931342166794e-07 -4.394677799354814450e-07 -4.294449722456710498e-07 -2.898122531584117768e-07 -5.310792654621563586e-09 3.500120970982050832e-09 6.551675428077773067e-05 3.783173013953789895e-06 -1.215275366161515627e-05 -1.939791412679382913e-06 1.006661580468194348e-04 5.259057814029039168e-05 5.804057170631487101e-05 8.495785286653732816e-05 2.996121586577335885e-04 2.894094985920429440e-04 2.492697983185429328e-04 -1.014329192761049186e-04 8.795195261330586104e-07 -6.314686264421510078e-07 1.574211360736657165e-06 -2.533749412997011431e-07 7.642993151696787896e-07 -1.733275318334572538e-06 5.138513025620037276e-04 -1.615796012904962002e-04 2.801199989935037032e-04 -4.394392888846038116e-05 3.622537953913523395e-05
1.123968975879240437e-04 1.146577124204699175e-05 5.531733595974865645e-04 1.059330674033201819e-07 -1.782527605090273127e-06 5.831557137906552812e-05 -3.023369260131057951e-05 6.109206279100306176e-07 5.246815204201847939e-07 -2.015198958791543420e-06 -2.139261139702019380e-06 -1.968871357807491464e-07 2.381518135849588728e-07 -2.434785846342726761e-07 -2.868371568001282327e-07 -1.088290696520070973e-06 -1.301190833311317137e-08 -6.434047910537527566e-08 7.553446759405063908e-04 -1.496467636985974034e-05 -3.069082169977111103e-05 6.505212355557484242e-05 -7.443266082237977581e-05 -1.742433058570518761e-05 -2.069159310498499356e-04 -8.958067062861287252e-04 -1.103021563767583348e-02 -9.218512953009664126e-03 2.458242093563264580e-03 4.835851699736822907e-04 -9.738121521205123874e-07 1.205759980428307556e-06 -9.412033149644900097e-06 -4.357362747661428184e-06 4.397734218161400944e-06 -5.283843955457444820e-06 4.624765213471514528e-04 2.907694798790754083e-04 3.990278131062834077e-04 2.320651199104001533e-04 -2.214724410096087650e-05
-1.999181315167614223e-04 -5.532465672102489929e-05 -2.434353196987015290e-05 -1.553818475146208951e-06 -1.553769082288616361e-05 -3.023369260131057951e-05 1.627579547330112964e-03 6.725613344560559361e-06 -6.117975955252095467e-06 -1.361839803879983606e-05 1.468738934801751472e-07 4.081964856709691787e-07 1.797326520118159114e-08 -5.293449814699013592e-06 -4.616284182491282250e-06 -8.716760870821884389e-06 -1.420309037309680743e-07 -1.928613247217790682e-07 -6.993278316366405636e-03 -9.665393096463986201e-05 1.027643793740638280e-03 -1.425945119230150569e-03 8.174094791252318462e-04 3.400138455410581890e-04 2.084640085976383582e-03 3.454748771031071128e-03 1.183646593701741766e-02 3.295636199326382187e-02 4.109049563074321926e-02 -8.760161227460034348e-04 -6.981740633865983524e-06 3.818717655540642233e-07 6.865414612199379286e-06 -1.463253530659059038e-05 4.339041342498563301e-06 1.916508814613096537e-05 1.054847106839020736e-03 -4.937818046743324557e-03 1.167912505362476462e-02 -2.189113089050609244e-03 -1.274777919710479157e-03
-3.623425353622390352e-06 -1.717289217256000262e-06 8.573603565876089050e-05 -2.506498513370087340e-08 -5.455221384282945373e-07 6.109206279100306176e-07 6.725613344560559361e-06 2.397212065419474490e-05 1.119309336565306410e-06 2.286236810767868228e-07 4.089360168384458116e-09 -9.723963336275863622e-08 3.915380787851214829e-08 -1.750217265040083760e-07 -2.571249450534555150e-07 -2.361984188741607551e-07 -9.631366045576552813e-09 -1.458200567507003661e-08 1.036303142360267158e-03 -5.628139565930692493e-06 1.121564622585248286e-05 -1.406244771031957101e-04 3.617608339332950784e-05 6.341540686810596733e-05 -9.991823159824531639e-05 -3.857071616424650909e-04 1.111946436708980204e-02 4.669234282556969547e-03 -1.630121001609265890e-03 -4.752759007082922420e-03 9.164192546548669963e-07 -1.426885914989400857e-07 5.058604831546969404e-06 -1.111552473750565154e-06 8.296621974182584716e-07 2.561848055586268897e-05 -3.300867835159192426e-04 -1.006615877843301289e-03 1.221186127433621788e-04 -7.066459745010154675e-04 -6.117240657959124262e-06
4.924124505380309595e-06 2.228113030751155956e-06 4.610082444583640484e-05 2.746094688086307542e-08 4.180597995752624640e-07 5.246815204201847939e-07 -6.117975955252095467e-06 1.119309336565306410e-06 2.242648858629864541e-05 2.013091759767888846e-07 -9.316146311026704842e-07 2.469570034276614989e-07 -6.356288058294291551e-07 2.616935258313406409e-07 3.830971932646430213e-07 4.940206275048029142e-08 -2.247401960325567079e-09 -1.729441280755495994e-08 2.623210501733073334e-04 -1.293065368911549184e-05 6.162721415306059852e-05 -1.895739865911275901e-05 4.599445803060991396e-05 -3.275029623241630607e-05 -2.200611724952339636e-04 -5.048134543992758086e-04 2.468018025905949469e-03 -2.188516989993516144e-03 3.408039450214929867e-03 1.399919223748873499e-03 1.008140649423286397e-06 -2.237799353364656124e-07 2.653051409245896503e-06 1.841628914222154440e-06 -6.056225870478947754e-06 2.250601367497140069e-05 2.951661468150800849e-04 8.298750619913217901e-04 7.197655826109282016e-05 1.654353598258087067e-04 -5.929127604020569312e-05
-4.642227181632747611e-06 -7.875862063122608419e-07 2.061212480106703170e-05 5.703933115213503681e-09 -1.309327241534385393e-08 -2.015198958791543420e-06 -1.361839803879983606e-05 2.286236810767868228e-07 2.013091759767888846e-07 2.350852246096530844e-05 -1.750741003605813850e-07 -6.403070637491974996e-08 1.183640569174536568e-07 -1.111488994764503310e-06 7.507167985896177486e-07 -2.358838819811210305e-08 -1.592302812178877567e-09 2.623096589101452807e-08 3.645860791787723936e-04 3.648593996121655874e-06 -1.335749574026325612e-04 1.910895056707578431e-04 8.963554669380851408e-05 6.522526055390227894e-05 3.584372108572947971e-05 1.798617065696560193e-04 -9.213883372110813052e-04 9.411362410547836335e-04 -6.174728594717584194e-03 1.267944387351362806e-03 2.295035260643106430e-06 -5.645900766458753936e-07 -7.605867822664229737e-07 2.566459519568278768e-06 -4.991460283852844027e-06 -2.141919794991930680e-05 -4.693580818600669440e-05 1.549281006586648119e-04 -8.733203555772970381e-05 1.944187159980970418e-04 2.416586644906294206e-05
-5.029144423353515709e-06 5.139391618598691316e-07 1.683570072854392071e-04 5.339617347695076232e-08 -2.418660634614947776e-07 -2.139261139702019380e-06 1.468738934801751472e-07 4.089360168384458116e-09 -9.316146311026704842e-07 -1.750741003605813850e-07 2.392699469981862106e-05 -2.003433797650589063e-07 3.288211006794856172e-07 5.113689999094724849e-07 -9.347195482146305219e-07 -3.885088902202508932e-08 8.988887752534380556e-09 2.288265225675886928e-08 3.205942498176796320e-05 -9.501292704779621607e-06 -1.515957050309402329e-04 1.186164044769248308e-04 -8.589140865549813454e-05 4.683528505303951683e-05 1.350458605575576194e-04 1.311947374303534125e-04 -3.171591758139021694e-03 -8.120067097436822409e-03 2.228143057787726131e-03 4.884517182107277720e-03 -2.784015100540113607e-06 6.622127181013585678e-07 2.639144669787218024e-06 1.492602478465801841e-06 3.899507153507913677e-06 3.735829595078365897e-05 -2.363023767615493695e-05 -4.068913587844880044e-04 -1.450665525698477984e-04 -1.719441501977519873e-04 -2.553608853854987844e-05
-3.576233111883099185e-07 -7.358811859203410346e-08 4.006528090619014440e-05 8.565304928710825805e-09 -9.618768200511439684e-09 -1.968871357807491464e-07 4.081964856709691787e-07 -9.723963336275863622e-08 2.469570034276614989e-07 -6.403070637491974996e-08 -2.003433797650589063e-07 2.507413609851101547e-05 1.580466690417655033e-07 -2.244404320880996011e-07 6.736541509459976759e-08 7.159050676733765904e-08 -1.617432119898800367e-08 -1.161424103818709047e-09 -4.034636793522793021e-04 2.356457505579235138e-06 3.506345754304521255e-05 -9.284907244817085345e-05 4.274606027307636927e-06 3.442857778779328718e-05 7.736980254593760805e-05 6.943580522006342589e-05 2.530239665754960266e-04 3.288510873317131850e-03 -3.296358844491975148e-03 -4.485178213806523251e-05 -6.761603012312053401e-07 2.011402179443853088e-07 -2.025203121517264699e-06 2.033147929197326247e-06 3.045442453697891875e-06 -3.439206965599173953e-06 -7.995397236624327087e-06 -1.208840810772029653e-04 -1.465771594287094033e-05 1.982483400786869620e-04 -2.377509565696729038e-05
2.228671818817606587e-06 1.383943932409256369e-06 1.621016918142584597e-05 2.093624335453280779e-08 1.622390931342166794e-07 2.381518135849588728e-07 1.797326520118159114e-08 3.915380787851214829e-08 -6.356288058294291551e-07 1.183640569174536568e-07 3.288211006794856172e-07 1.580466690417655033e-07 2.430182723019814629e-05 6.092383577927037151e-08 2.395594444663882031e-07 4.225804791044615028e-09 -1.416794285169614942e-08 -4.714467375394668288e-09 3.498988403301620800e-04 -2.976232700292217066e-06 -1.755363824703478202e-05 -2.425477721313929762e-05 -2.029079747234080870e-05 -3.052930931357788937e-06 -5.854905485338902053e-05 -1.711589180258664563e-04 -3.636634366951038699e-03 -4.535446669913877245e-03 3.425348291290927945e-03 -1.018660837607564479e-03 -9.502411974094543158e-07 -5.039711897460667829e-07 1.024421198551150510e-07 -1.219136915295862761e-06 3.118299263975370976e-06 -8.053768905339859309e-06 6.697952255004309570e-05 -2.404267878993547529e-05 1.170379621167695931e-04 -1.994989513916116169e-04 -5.036738642634831819e-05
-3.340262031548689768e-06 -1.424704567311711766e-06 4.079110740808667308e-05 -2.418653794249183468e-08 -4.394677799354814450e-07 -2.434785846342726761e-07 -5.293449814699013592e-06 -1.750217265040083760e-07 2.616935258313406409e-07 -1.111488994764503310e-06 5.113689999094724849e-07 -2.244404320880996011e-07 6.092383577927037151e-08 2.384701390813127631e-05 5.827793580455005272e-07 -1.387296373643587618e-08 4.306807827992594357e-09 -5.512733331341198911e-09 4.892118083447604066e-04 -1.346795002477608338e-05 2.499355024591347899e-05 -1.109492253921542079e-05 5.886989845770720397e-06 2.689375263488435897e-05 -3.787003826173593074e-05 2.663161851329895078e-05 -2.311798447793713784e-04 -1.269989052295290074e-03 -8.129080069794930368e-04 -2.350586099026548133e-04 -9.373405635657052528e-08 1.557944708197951512e-06 -4.619267160623907593e-07 2.291703033551164237e-06 -2.294928166555400074e-06 1.817778237094890226e-05 8.308826717098525394e-06 -1.749569304105373071e-04 -5.867265246518493153e-05 -2.694307817121863627e-05 6.198913634594993389e-06
-4.241211616529354872e-06 -2.257687743599082800e-06 -2.710010160246245081e-05 -4.105088917199374817e-08 -4.294449722456710498e-07 -2.868371568001282327e-07 -4.616284182491282250e-06 -2.571249450534555150e-07 3.830971932646430213e-07 7.507167985896177486e-07 -9.347195482146305219e-07 6.736541509459976759e-08 2.395594444663882031e-07 5.827793580455005272e-07 2.479174116455167169e-05 -3.912751938419574200e-08 -4.558181909065643353e-09 3.973170941066210468e-09 5.572375512622171128e-04 -7.171877071992182463e-06 -7.231224529678414103e-05 5.583309157239650151e-05 5.756801016840450451e-05 -3.467512674149406560e-05 -7.147667679209913428e-05 -1.718622242769581726e-04 -1.333862277619803343e-03 -1.287160494285584551e-03 -1.344767244075610385e-03 2.663138796112864265e-05 9.023695651879905287e-09 8.661330262409341866e-07 1.403025050565098005e-06 1.114308141672936399e-06 -3.482962887679656794e-06 -7.833026840302632340e-06 5.023398180731062756e-05 1.680415400611024325e-04 -4.736510059848766116e-05 1.414121863540896242e-04 -7.957700708427011842e-06
6.040849154311401545e-06 -3.258360876981458734e-06 -7.059649080383470748e-05 -4.207623647734810559e-08 -2.898122531584117768e-07 -1.088290696520070973e-06 -8.716760870821884389e-06 -2.361984188741607551e-07 4.940206275048029142e-08 -2.358838819811210305e-08 -3.885088902202508932e-08 7.159050676733765904e-08 4.225804791044615028e-09 -1.387296373643587618e-08 -3.912751938419574200e-08 6.005150553590847201e-06 -1.100239892027766563e-08 2.854643505436012049e-09 6.408401573003426159e-04 8.685572827047991309e-06 4.113086001147256670e-06 -3.985697926793040980e-05 -6.469106395078582465e-07 1.510763924863388988e-05 1.038256374276523038e-04 6.815304286093647581e-04 -2.014924546959766943e-03 2.665453300430632982e-03 1.339255101376117920e-03 -3.606573229580449340e-03 -1.110753742315956351e-06 -4.583320461669447005e-07 -5.181800273254225845e-07 6.737458421703470733e-07 -1.093617648151130437e-06 -1.579152759647404333e-06 1.229800403161920876e-05 9.776072049218772033e-05 -7.541333840501974984e-05 1.134921862747410173e-05 -4.118085799807467462e-06
2.156787416119789704e-07 1.099605164703247838e-08 1.625742166675689002e-06 3.062170537500145118e-09 -5.310792654621563586e-09 -1.301190833311317137e-08 -1.420309037309680743e-07 -9.631366045576552813e-09 -2.247401960325567079e-09 -1.592302812178877567e-09 8.988887752534380556e-09 -1.617432119898800367e-08 -1.416794285169614942e-08 4.306807827992594357e-09 -4.558181909065643353e-09 -1.100239892027766563e-08 4.379165634772015999e-07 -5.062265204029408785e-09 -7.115144597016144533e-05 1.823213903623543359e-07 3.435072564751993169e-05 -3.014728284602930056e-05 9.420464249454257573e-05 -9.931746963066848523e-05 -3.567544159093327373e-05 8.790570056535051535e-05 4.515418873547609457e-03 -4.075681458231778312e-03 1.185227072420445659e-04 3.582282340043848115e-04 1.442549913798253338e-07 -1.254567222466013412e-07 2.562230962724216330e-07 -2.449235264646582183e-07 -3.437056714040252050e-07 4.350066720356110917e-06 -5.074043797320752307e-07 5.300440795491689040e-06 6.573468482321321583e-06 3.745440386712866876e-07 -7.198941516708739626e-07
-9.680953330379752973e-08 1.265297512484397386e-08 -2.516272269113639255e-06 -2.471201853240729938e-10 3.500120970982050832e-09 -6.434047910537527566e-08 -1.928613247217790682e-07 -1.458200567507003661e-08 -1.729441280755495994e-08 2.623096589101452807e-08 2.288265225675886928e-08 -1.161424103818709047e-09 -4.714467375394668288e-09 -5.512733331341198911e-09 3.973170941066210468e-09 2.854643505436012049e-09 -5.062265204029408785e-09 4.092561695192945915e-07 5.519800749134740623e-04 2.005346108656069803e-07 1.013124641871947795e-06 -8.924892386893175914e-06 -7.544492723656581301e-06 -2.334416506937738565e-05 2.679218545805295629e-04 5.388065947793635284e-04 -1.126636639361998165e-04 -9.426291985922863369e-04 1.552309264021618134e-03 1.213402504330550447e-04 1.161501637295031092e-08 1.143591483724237831e-07 6.529719695409794017e-07 -2.110868127652163896e-07 -1.005637360656420573e-07 1.322398858819471471e-06 -2.748628112060376240e-06 -3.107086514715508919e-06 -1.233900131893910401e-06 1.461620663544323705e-06 2.094947074821720561e-06
5.315625158408936179e-04 1.204347921553439388e-03 -7.053519763495014194e-02 -8.470125761358568374e-05 6.551675428077773067e-05 7.553446759405063908e-04 -6.993278316366405636e-03 1.036303142360267158e-03 2.623210501733073334e-04 3.645860791787722851e-04 3.205942498176796320e-05 -4.034636793522793021e-04 3.498988403301620800e-04 4.892118083447604066e-04 5.572375512622171128e-04 6.408401573003426159e-04 -7.115144597016144533e-05 5.519800749134740623e-04 4.650127988523775002e+02 -1.482459833051414932e-01 -6.621263259637419907e-01 6.855938927893396873e-01 4.068589651947496777e-01 1.171334008325920217e-01 -1.958191978701127312e+01 -6.243996126290366533e+01 4.345699721817872074e+01 -1.598922865155339537e+02 7.675300647544261210e+02 -6.331871866144347223e+02 -1.027598087758819318e-03 2.030056540771630301e-03 9.352397927465583641e-03 -4.214396772162104792e-04 2.075217927720407300e-03 2.591837926835771373e-03 4.910975855346833702e-02 7.083112357559351313e-01 -1.279788777377205422e-02 9.314265719566473811e-02 2.183385435550657533e-02
1.312121011747829579e-05 -7.921210929466237650e-07 5.235131199818035454e-04 2.176787964107215655e-07 3.783173013953789895e-06 -1.496467636985974034e-05 -9.665393096463986201e-05 -5.628139565930692493e-06 -1.293065368911549184e-05 3.648593996121655874e-06 -9.501292704779621607e-06 2.356457505579235138e-06 -2.976232700292217066e-06 -1.346795002477608338e-05 -7.171877071992182463e-06 8.685572827047991309e-06 1.823213903623543359e-07 2.005346108656069803e-07 -1.482459833051414932e-01 8.261942627571944309e-02 -3.790279544036021658e-03 9.807317809217914323e-03 -8.979149991706491737e-03 -1.805446647037831347e-03 -5.495011094456290178e-03 -1.521339638644759497e-02 -2.610318739774621366e-01 -5.716212325378761117e-01 6.922023400371759561e-01 -4.498750923308335037e-01 3.543584640759535396e-05 -6.427234180807526271e-05 -1.015371933720773571e-04 -9.258889986253305497e-05 4.612206982187207611e-05 -7.743064427221702265e-04 -7.232354013889035838e-04 9.977304506695483955e-04 -1.060179839354249151e-03 -1.864412334984410840e-03 1.010457059099215951e-03
-1.107375092999465186e-03 -8.985525099738791511e-04 -1.382482231542878602e-02 -1.191219928379226306e-05 -1.215275366161515627e-05 -3.069082169977111103e-05 1.027643793740638280e-03 1.121564622585248286e-05 6.162721415306059852e-05 -1.335749574026325612e-04 -1.515957050309402329e-04 3.506345754304521255e-05 -1.755363824703478202e-05 2.499355024591347899e-05 -7.231224529678414103e-05 4.113086001147256670e-06 3.435072564751993169e-05 1.013124641871947795e-06 -6.621263259637419907e-01 -3.790279544036021658e-03 4.611397660173959245e+00 -3.659778916131875892e+00 -1.026156431135070574e-01 1.004139425827038218e-01 5.380331658237106351e-01 6.677026676262151073e-01 -4.898283552165180410e+00 -8.373287176093474615e-01 1.396434529723198281e+01 -2.895343631520242322e+00 1.114896062780759960e-03 -7.125054668778512627e-05 5.330516414470822884e-04 8.241431905197767671e-04 1.225963874242345019e-04 2.672570238346382108e-03 -1.078377430245977368e-02 7.362040375715766041e-03 1.054143840471040601e-02 1.084590719010762420e-02 1.784802147418650684e-03
6.760260346644408414e-04 6.140697788211444763e-04 1.846500093320434591e-02 1.028015101194670979e-05 -1.939791412679382913e-06 6.505212355557484242e-05 -1.425945119230150569e-03 -1.406244771031957101e-04 -1.895739865911275901e-05 1.910895056707578431e-04 1.186164044769248308e-04 -9.284907244817085345e-05 -2.425477721313929085e-05 -1.109492253921542079e-05 5.583309157239650151e-05 -3.985697926793040980e-05 -3.014728284602930056e-05 -8.924892386893175914e-06 6.855938927893396873e-01 9.807317809217914323e-03 -3.659778916131875892e+00 7.403999021264109359e+00 8.355842908482977172e-02 -1.037683838448905382e-01 -5.146785496120345194e-01 -6.009487790274480323e-01 4.083514289339063907e+00 2.527483823506894378e+00 -1.070948866156091306e+01 1.330229389708384780e+00 -4.853740846873087658e-04 8.229462776324015160e-04 -1.120478965402647419e-03 -3.249297650865956458e-04 2.054902548503767089e-03 -2.148803252575587092e-03 4.353284539736066404e-03 3.516564088913874675e-02 -1.108917278820186966e-02 7.140109714404795256e-03 1.084487451865721007e-02
4.656827818427924709e-04 1.049715265799366351e-03 1.959168108595546812e-02 1.180317168941635992e-05 1.006661580468194348e-04 -7.443266082237977581e-05 8.174094791252318462e-04 3.617608339332950784e-05 4.599445803060991396e-05 8.963554669380851408e-05 -8.589140865549813454e-05 4.274606027307636927e-06 -2.029079747234080870e-05 5.886989845770720397e-06 5.756801016840450451e-05 -6.469106395078582465e-07 9.420464249454257573e-05 -7.544492723656581301e-06 4.068589651947496777e-01 -8.979149991706491737e-03 -1.026156431135070574e-01 8.355842908482977172e-02 3.518688251277758194e+00 4.296573856012930737e-01 1.701293349806408742e-02 -2.143776920373919037e-01 -6.415213557474960027e+00 5.780666486269556259e+00 5.561227030919627667e-01 -1.157388480928207786e+00 1.865300714520112639e-04 4.048251326198959010e-04 2.002196353356651968e-04 -3.255952091187189527e-04 1.948075746718707117e-03 2.692201713514804501e-03 2.126545897137595981e-02 -3.885865735916061228e-03 1.785173117619426320e-02 9.403179406998220941e-03 -3.597602390589187821e-03
3.879143037585869682e-04 6.514147181607382424e-04 1.181570581538613114e-02 6.665022406893139380e-06 5.259057814029039168e-05 -1.742433058570518761e-05 3.400138455410581890e-04 6.341540686810596733e-05 -3.275029623241630607e-05 6.522526055390227894e-05 4.683528505303951683e-05 3.442857778779328718e-05 -3.052930931357788937e-06 2.689375263488435897e-05 -3.467512674149406560e-05 1.510763924863388988e-05 -9.931746963066848523e-05 -2.334416506937738565e-05 1.171334008325920217e-01 -1.805446647037831347e-03 1.004139425827038218e-01 -1.037683838448905382e-01 4.296573856012930737e-01 3.392920797651267861e+00 2.438341218312269021e+00 2.125286160237047639e+00 9.297808039046083550e+00 -1.305602748134856483e+01 2.448741666333478229e+00 -4.706141257856740201e-01 7.427822596381926639e-04 -5.290703150229287242e-04 1.151571347171421544e-04 -3.293230742443826325e-04 1.410333350818824237e-03 4.754491816843999679e-04 9.962606570260847810e-03 -4.333674236957867076e-02 9.858119686496458894e-03 -1.094031379519163662e-02 8.720524321032789225e-03
9.797917974069430774e-08 -3.490344796717418670e-05 6.806103652936026406e-03 2.118726195326088609e-06 5.804057170631487101e-05 -2.069159310498499356e-04 2.084640085976383582e-03 -9.991823159824531639e-05 -2.200611724952339636e-04 3.584372108572947971e-05 1.350458605575576194e-04 7.736980254593760805e-05 -5.854905485338902053e-05 -3.787003826173593074e-05 -7.147667679209913428e-05 1.038256374276523038e-04 -3.567544159093327373e-05 2.679218545805295629e-04 -1.958191978701127312e+01 -5.495011094456290178e-03 5.380331658237106351e-01 -5.146785496120345194e-01 1.701293349806408742e-02 2.438341218312269021e+00 1.883519282299334563e+01 3.256649972449395136e+01 8.587929020714387462e+00 4.642184133868841656e+01 -4.957706002279157786e+01 8.143837896973931123e+00 1.322272269757216118e-03 4.770801459036101634e-04 1.830489299272825953e-03 3.054605415427895810e-04 2.331707545347453531e-03 -1.191339728252794033e-03 2.522071095266378155e-02 5.104822190555340783e-03 6.507168139741720606e-03 -1.975088950668880960e-02 -1.980425910477132557e-03
-3.386047047939619607e-04 -1.336181513108708821e-03 -3.441408585867082592e-02 1.443525647888130134e-06 8.495785286653732816e-05 -8.958067062861287252e-04 3.454748771031071128e-03 -3.857071616424650909e-04 -5.048134543992758086e-04 1.798617065696560193e-04 1.311947374303534125e-04 6.943580522006342589e-05 -1.711589180258664563e-04 2.663161851329895078e-05 -1.718622242769581726e-04 6.815304286093647581e-04 8.790570056535051535e-05 5.388065947793635284e-04 -6.243996126290366533e+01 -1.521339638644759497e-02 6.677026676262151073e-01 -6.009487790274480323e-01 -2.143776920373919037e-01 2.125286160237047639e+00 3.256649972449395136e+01 8.597249277572842630e+01 1.174541916721847823e+00 7.411256824037786828e+01 -3.678893896777732664e+01 -9.767424090914699875e+00 7.739749359692562551e-05 1.056737817810751278e-03 -3.450520938891598905e-04 2.625198979993356892e-03 4.667301589284191324e-03 -3.302645679189476768e-02 7.201726772508139363e-02 1.460102001942735761e-01 -4.041713091100058303e-02 -5.054431984442507575e-02 -4.998411323817112360e-03
-7.409509254869962869e-02 -4.107639803920428573e-02 -2.239206952403206830e-01 -3.248926025230341975e-04 2.996121586577335885e-04 -1.103021563767583348e-02 1.183646593701741766e-02 1.111946436708980204e-02 2.468018025905949469e-03 -9.213883372110813052e-04 -3.171591758139021694e-03 2.530239665754960266e-04 -3.636634366951038699e-03 -2.311798447793713784e-04 -1.333862277619803343e-03 -2.014924546959766943e-03 4.515418873547609457e-03 -1.126636639361998165e-04 4.345699721817872074e+01 -2.610318739774621366e-01 -4.898283552165180410e+00 4.083514289339064796e+00 -6.415213557474960027e+00 9.297808039046083550e+00 8.587929020714387462e+00 1.174541916721847823e+00 1.247142284624564854e+04 6.767544125120900844e+02 -9.134181498606798755e+01 -8.995280676876519976e+01 -2.941807346820406524e-02 -4.765244063334003743e-02 -1.339173174072590643e-02 -2.738182361844733112e-02 -1.499250234746760668e-01 3.533009159779409297e-02 -6.346112159527228513e-01 -1.012558799616140037e+00 -5.358269311965578874e-01 7.959259002860381571e-01 -7.050060165808466617e-02
-3.888563222041826334e-02 -2.335626517027051749e-02 7.099443645944809346e-03 1.256130309839710475e-07 2.894094985920429440e-04 -9.218512953009664126e-03 3.295636199326382187e-02 4.669234282556969547e-03 -2.188516989993516144e-03 9.411362410547836335e-04 -8.120067097436822409e-03 3.288510873317131850e-03 -4.535446669913877245e-03 -1.269989052295290074e-03 -1.287160494285584551e-03 2.665453300430632982e-03 -4.075681458231778312e-03 -9.426291985922863369e-04 -1.598922865155339537e+02 -5.716212325378761117e-01 -8.373287176093474615e-01 2.527483823506894378e+00 5.780666486269556259e+00 -1.305602748134856483e+01 4.642184133868841656e+01 7.411256824037786828e+01 6.767544125120900844e+02 1.259945557715026553e+04 1.463463561310089290e+03 -3.894833070655353708e+02 1.220999467791140589e-02 1.941712455607944032e-02 -1.214689060447620983e-01 -7.130960164157600090e-02 6.102503883412667418e-02 8.746184213871255331e-01 -4.181273059598236697e-01 -2.596884412222137950e+00 5.174726843525674358e-01 -1.895251590820272170e-01 -1.037129536069464120e+00
1.405537998537592301e-02 -1.900132075329055183e-03 -1.244672320225908985e-01 1.933170883047492610e-04 2.492697983185429328e-04 2.458242093563264580e-03 4.109049563074321926e-02 -1.630121001609265890e-03 3.408039450214929867e-03 -6.174728594717584194e-03 2.228143057787726131e-03 -3.296358844491975148e-03 3.425348291290927945e-03 -8.129080069794930368e-04 -1.344767244075610385e-03 1.339255101376117920e-03 1.185227072420445659e-04 1.552309264021618134e-03 7.675300647544261210e+02 6.922023400371759561e-01 1.396434529723198281e+01 -1.070948866156091306e+01 5.561227030919627667e-01 2.448741666333478229e+00 -4.957706002279157786e+01 -3.678893896777732664e+01 -9.134181498606798755e+01 1.463463561310089290e+03 1.177751390227226875e+04 9.456943579079888877e+02 4.165987610770222928e-03 -6.350752586506685539e-03 1.482425094451561218e-02 5.119126808703698683e-02 5.794052778718226243e-02 3.257022596826826821e-01 -2.728540434917904878e-01 8.234239587440009833e-01 1.339173623613308051e+00 -3.726547333527405748e-01 -1.421981988229001070e-01
-9.176114254806390369e-04 7.519409043157662675e-03 -7.099700147928851290e-01 -1.976245494794883623e-04 -1.014329192761049186e-04 4.835851699736822907e-04 -8.760161227460034348e-04 -4.752759007082922420e-03 1.399919223748873499e-03 1.267944387351362806e-03 4.884517182107277720e-03 -4.485178213806523251e-05 -1.018660837607564479e-03 -2.350586099026548133e-04 2.663138796112864265e-05 -3.606573229580449340e-03 3.582282340043848115e-04 1.213402504330550447e-04 -6.331871866144347223e+02 -4.498750923308335037e-01 -2.895343631520242322e+00 1.330229389708384780e+00 -1.157388480928207786e+00 -4.706141257856740201e-01 8.143837896973931123e+00 -9.767424090914699875e+00 -8.995280676876519976e+01 -3.894833070655353708e+02 9.456943579079888877e+02 1.298161636213804195e+04 5.724793070593511835e-02 4.649442691304929431e-02 8.033078081926861569e-02 -3.721445339765277333e-02 2.516058957643954597e-02 2.765596896870937127e-01 -3.256156700829922479e-01 5.067683404484175647e-01 -6.311667734812392849e-02 -4.503506595690316416e-01 4.682947741974884948e-01
1.559888674756017862e-06 3.424321570076981826e-06 -5.991822314495836031e-05 1.098175789957851964e-07 8.795195261330586104e-07 -9.738121521205123874e-07 -6.981740633865983524e-06 9.164192546548669963e-07 1.008140649423286185e-06 2.295035260643106430e-06 -2.784015100540113607e-06 -6.761603012312053401e-07 -9.502411974094543158e-07 -9.373405635657052528e-08 9.023695651879905287e-09 -1.110753742315956351e-06 1.442549913798253338e-07 1.161501637295031092e-08 -1.027598087758819318e-03 3.543584640759535396e-05 1.114896062780759960e-03 -4.853740846873087658e-04 1.865300714520112639e-04 7.427822596381926639e-04 1.322272269757216118e-03 7.739749359692562551e-05 -2.941807346820406524e-02 1.220999467791140589e-02 4.165987610770222928e-03 5.724793070593511835e-02 1.501440584610178345e-03 2.701852518439818015e-04 2.641058280920245509e-05 -4.182242331726004490e-04 -1.497428107472941193e-05 -1.191522811863556228e-05 5.581965607947442129e-05 2.128838141261439154e-04 2.621433376781297079e-04 -5.014790560004036424e-05 -8.572330464403271665e-05
2.786965374775179277e-06 4.827688347725347915e-06 6.555588302321318909e-05 -2.877013130905856676e-08 -6.314686264421510078e-07 1.205759980428307556e-06 3.818717655540642233e-07 -1.426885914989400857e-07 -2.237799353364656124e-07 -5.645900766458753936e-07 6.622127181013585678e-07 2.011402179443853088e-07 -5.039711897460667829e-07 1.557944708197951512e-06 8.661330262409341866e-07 -4.583320461669447005e-07 -1.254567222466013412e-07 1.143591483724237831e-07 2.030056540771630301e-03 -6.427234180807526271e-05 -7.125054668778512627e-05 8.229462776324015160e-04 4.048251326198959010e-04 -5.290703150229287242e-04 4.770801459036101634e-04 1.056737817810751061e-03 -4.765244063334003743e-02 1.941712455607944032e-02 -6.350752586506685539e-03 4.649442691304929431e-02 2.701852518439818015e-04 8.994094561483178965e-04 2.701883122262908581e-05 7.096532052987950846e-04 -4.425242878039594368e-05 -7.160685450570234708e-06 -1.663801734207109948e-04 9.463787125108318271e-05 3.484358265652201525e-04 -1.320661002035535632e-04 3.255126044286083431e-05
-9.508697440627370348e-06 2.628488696119535812e-06 -3.168077288707801418e-04 8.595792693821532015e-08 1.574211360736657165e-06 -9.412033149644900097e-06 6.865414612199379286e-06 5.058604831546969404e-06 2.653051409245896503e-06 -7.605867822664229737e-07 2.639144669787218024e-06 -2.025203121517264699e-06 1.024421198551150510e-07 -4.619267160623907593e-07 1.403025050565098005e-06 -5.181800273254225845e-07 2.562230962724216330e-07 6.529719695409794017e-07 9.352397927465583641e-03 -1.015371933720773571e-04 5.330516414470822884e-04 -1.120478965402647419e-03 2.002196353356651968e-04 1.151571347171421544e-04 1.830489299272825953e-03 -3.450520938891598905e-04 -1.339173174072590643e-02 -1.214689060447620983e-01 1.482425094451561218e-02 8.033078081926861569e-02 2.641058280920245509e-05 2.701883122262908581e-05 8.108785164896013808e-03 1.188094198402314759e-05 5.393398748149923150e-06 6.086574423130916269e-05 2.985335537558585195e-04 -1.758758850167537737e-03 -2.289668632238913370e-04 1.404535018946272769e-04 2.968741076376154521e-05
-1.071003367172359972e-05 -3.740883552236453156e-06 -2.752438877357127876e-04 -1.587823357679579445e-07 -2.533749412997011431e-07 -4.357362747661428184e-06 -1.463253530659059038e-05 -1.111552473750565154e-06 1.841628914222154440e-06 2.566459519568278768e-06 1.492602478465801841e-06 2.033147929197326247e-06 -1.219136915295862761e-06 2.291703033551164237e-06 1.114308141672936399e-06 6.737458421703470733e-07 -2.449235264646582183e-07 -2.110868127652163896e-07 -4.214396772162104792e-04 -9.258889986253305497e-05 8.241431905197767671e-04 -3.249297650865956458e-04 -3.255952091187189527e-04 -3.293230742443826325e-04 3.054605415427895810e-04 2.625198979993356892e-03 -2.738182361844733112e-02 -7.130960164157600090e-02 5.119126808703698683e-02 -3.721445339765277333e-02 -4.182242331726004490e-04 7.096532052987950846e-04 1.188094198402314759e-05 3.230467209332210307e-03 -1.627046950345139098e-05 1.826631788217794421e-04 -7.845460643996617436e-05 1.628890127526081083e-03 7.474720324041530931e-05 -5.231284286430613493e-04 1.540601836209881236e-04
7.052637431429023008e-06 -4.992690812344682047e-06 -2.546165272171873229e-04 -1.041093432040495979e-07 7.642993151696781543e-07 4.397734218161399250e-06 4.339041342498503161e-06 8.296621974182578363e-07 -6.056225870478946060e-06 -4.991460283852844874e-06 3.899507153507911136e-06 3.045442453697893146e-06 3.118299263975374364e-06 -2.294928166555402191e-06 -3.482962887679657641e-06 -1.093617648151131708e-06 -3.437056714040250462e-07 -1.005637360656423882e-07 2.075217927720386484e-03 4.612206982187228618e-05 1.225963874242334991e-04 2.054902548503767957e-03 1.948075746718706683e-03 1.410333350818824454e-03 2.331707545347454398e-03 4.667301589284190456e-03 -1.499250234746760668e-01 6.102503883412675051e-02 5.794052778718226243e-02 2.516058957643947658e-02 -1.497428107472942040e-05 -4.425242878039593013e-05 5.393398748149923150e-06 -1.627046950345139098e-05 8.148406404454265617e-03 1.526224943206607831e-04 -1.225735148124465317e-04 4.187627627549820458e-04 -1.946342655915248270e-04 3.741303894319440737e-04 -2.194525911817550852e-05
-2.140516399630541626e-05 -3.498606064695059807e-06 2.355878805888580313e-03 5.397147123261359544e-07 -1.733275318334572538e-06 -5.283843955457444820e-06 1.916508814613096537e-05 2.561848055586268897e-05 2.250601367497140069e-05 -2.141919794991930680e-05 3.735829595078365897e-05 -3.439206965599173953e-06 -8.053768905339859309e-06 1.817778237094890226e-05 -7.833026840302632340e-06 -1.579152759647404333e-06 4.350066720356110917e-06 1.322398858819471471e-06 2.591837926835771373e-03 -7.743064427221702265e-04 2.672570238346382108e-03 -2.148803252575587092e-03 2.692201713514804501e-03 4.754491816843999679e-04 -1.191339728252794033e-03 -3.302645679189476768e-02 3.533009159779409297e-02 8.746184213871255331e-01 3.257022596826826821e-01 2.765596896870937127e-01 -1.191522811863556228e-05 -7.160685450570234708e-06 6.086574423130916269e-05 1.826631788217794421e-04 1.526224943206607831e-04 2.917708138155014064e-01 3.754247566060944156e-04 -5.062522755401855507e-03 -4.977054500340467912e-04 7.459895043917189571e-03 1.526859069315131745e-03
4.803833521548164440e-03 1.983097108648954488e-03 -1.208113769115536779e-02 2.917641551941534678e-05 5.138513025620037276e-04 4.624765213471514528e-04 1.054847106839020736e-03 -3.300867835159192426e-04 2.951661468150800849e-04 -4.693580818600669440e-05 -2.363023767615493695e-05 -7.995397236624327087e-06 6.697952255004309570e-05 8.308826717098525394e-06 5.023398180731062756e-05 1.229800403161920876e-05 -5.074043797320752307e-07 -2.748628112060376240e-06 4.910975855346833702e-02 -7.232354013889035838e-04 -1.078377430245977368e-02 4.353284539736066404e-03 2.126545897137595981e-02 9.962606570260847810e-03 2.522071095266378155e-02 7.201726772508139363e-02 -6.346112159527228513e-01 -4.181273059598236697e-01 -2.728540434917904878e-01 -3.256156700829922479e-01 5.581965607947442129e-05 -1.663801734207109948e-04 2.985335537558585195e-04 -7.845460643996617436e-05 -1.225735148124465317e-04 3.754247566060944156e-04 2.653819474643163145e-01 3.354251163598384045e-01 4.820680881599715903e-03 1.672611880331144607e-01 -3.029449139207042799e-02
