# logA ns H0 omegabh2 omegach2 tau omegam_growth DES_DZ_S1 DES_DZ_S2 DES_DZ_S3 DES_DZ_S4 DES_M1 DES_M2 DES_M3 DES_M4 A_planck calib_100T calib_217T A_cib_217 xi_sz_cib A_sz ksz_norm gal545_A_100 gal545_A_143 gal545_A_143_217 gal545_A_217 ps_A_100_100 ps_A_143_143 ps_A_143_217 ps_A_217_217 galf_TE_A_100 galf_TE_A_100_143 galf_TE_A_100_217 galf_TE_A_143 galf_TE_A_143_217 galf_TE_A_217 DES_A1_1 DES_A1_2
5.765927549890688874e-04 2.132381709078213226e-04 6.201787308043935250e-03 4.332456683854202356e-06 2.687851227607759191e-05 1.334382739843286792e-04 -2.677277638714937753e-04 3.460726186436388915e-06 -3.758311104700348357e-07 -7.705854199133135550e-06 -3.774810702528082178e-06 -1.481878796490931673e-07 2.778236525997764547e-07 -4.195141953325076747e-06 -2.605202478441320204e-06 1.048777713707587907e-05 3.320649821348128012e-07 -7.524642767013105728e-09 -1.722347910824618576e-03 -5.320492593712534122e-05 -9.167785930779681755e-04 6.455431797853122301e-04 -5.343374633758859104e-04 3.223981075260287156e-04 -2.486528233335977278e-04 8.762833119369731584e-04 -3.738476804935914749e-02 -7.980412944390988250e-03 -2.561029176079026096e-02 -2.082727830372822775e-02 6.475270548793473323e-06 -1.308510021670627410e-06 2.518580308517244276e-05 1.016529780680532397e-05 1.395733864491964587e-05 2.682500746531327779e-05 3.835018237798792744e-03 -3.618493003791108456e-03
2.132381709078213226e-04 1.988452862950872038e-04 5.315905639672297012e-03 3.313998018310584283e-06 1.364125067005350807e-05 6.862620737488423230e-06 -1.045349021971535996e-04 1.399872839172676748e-06 1.555832318890684546e-07 -3.064932214306064603e-06 -1.445794733767308348e-06 -5.340773638406275171e-07 8.310409047312379376e-07 -2.049946879964325799e-06 -1.092412316302225495e-06 -1.772592199558353480e-06 8.462161633684173453e-08 -8.511918746898763691e-08 -1.230073753106998352e-03 -9.073691892038875283e-06 -8.930353347281845457e-04 7.970366092284357018e-04 7.684678691389264108e-04 4.426432591208830591e-04 1.443986904883498133e-06 -1.342255922725050978e-03 -3.093202404578634240e-02 -2.664790137494820951e-02 -2.532303812201059517e-02 -1.528134070320178936e-02 1.166530390751018682e-06 2.494921022321428520e-06 9.402317297546051777e-06 -4.394395599023167660e-06 1.097357420660632830e-05 3.831067475312393704e-05 1.730156962838933854e-03 -9.840018959528201541e-04
6.201787308043935250e-03 5.315905639672297012e-03 4.306448466187980384e-01 1.758271571755313340e-04 2.354131354664918828e-04 7.419965563758292807e-04 -1.112984829510881447e-03 -6.523860791309398356e-06 8.829744219947962777e-06 -7.458310461658670227e-05 -6.102261771128809833e-05 -1.529222893393906193e-05 1.913751144239712710e-05 1.632299263993781404e-05 -9.840067637629079775e-06 -5.011322570591578943e-05 4.255210513130054980e-06 -4.980925828276261616e-06 -2.925612333207204888e-02 7.730299728436009800e-04 -1.778261001150266765e-02 2.510043519774067533e-02 1.132874218028227971e-02 1.986844606913497693e-02 1.965200562384863958e-02 -2.957231914387565413e-02 8.952070335017684455e-01 -3.352824622591979997e-01 -6.156309818683462776e-02 -1.823495960733719778e+00 -1.205997377201684025e-04 -3.259274361507886065e-04 5.260818266279350137e-04 -1.786954754859860703e-04 6.139514303364527288e-04 -2.401760786726144480e-03 1.225343260735075506e-03 1.209547401850668592e-02
4.332456683854202356e-06 3.313998018310584283e-06 1.758271571755313340e-04 1.144557938879834891e-07 3.982806483637129945e-07 1.527967351585867559e-07 -2.155101769161671782e-06 1.171748893574973556e-08 -1.239831827479602938e-09 -7.091416647563799974e-08 -4.508002519495358823e-08 -5.075711177018580847e-09 1.415365153199985783e-08 -3.382281305706918344e-08 -1.155556452270245120e-08 -3.420303340481405816e-08 5.800192680082213018e-09 -1.859465241270081530e-09 -4.860118271599522463e-05 -1.744347403883859308e-08 -1.094388484741139812e-05 2.163815729428502751e-05 4.481708159673288133e-06 1.281816877393180788e-05 1.093163966216520431e-07 -2.383210370100898007e-05 2.433125242346033634e-05 -3.079403774259191137e-04 -1.822754337250249155e-04 -7.769011387453439704e-04 -6.123701145591353293e-08 -1.000647563580990385e-07 3.605990861815859764e-07 2.953079609051892635e-08 3.912999959860479400e-07 -9.937677674648484890e-07 3.347431926864950725e-05 -7.686229512811661383e-06
2.687851227607759191e-05 1.364125067005350807e-05 2.354131354664918828e-04 3.982806483637129945e-07 4.550659801433658508e-06 -1.523515607723685335e-06 -2.545987422853862917e-05 2.138304292533068944e-07 -1.249877369733611111e-07 -6.316022635589901501e-07 -4.776928584946337064e-07 -4.138339979362832612e-08 1.011173764645274454e-07 -5.414604297782573133e-07 -2.109958732345821829e-07 -1.880238012750377748e-07 -1.823248806674258266e-09 -4.029804266966149334e-09 -4.231379318959169037e-04 -1.452308419420394517e-06 1.441760082661757518e-05 7.500491675901570850e-05 1.364379851352628331e-05 6.789231203661305332e-05 -1.926814620723087473e-05 -1.052847066971835370e-04 1.652158601148379698e-03 1.601451470103074787e-03 -2.973620449542373548e-03 6.112687814101136876e-04 5.355962813456555779e-07 2.696965439554381755e-07 3.386536859737897070e-06 6.506088430476496918e-07 -8.055775993587905735e-07 4.356438384198707814e-06 4.486002338318424059e-04 -3.361429769677280114e-04
1.334382739843286792e-04 6.862620737488423230e-06 7.419965563758292807e-04 1.527967351585867559e-07 -1.523515607723685335e-06 6.807962656497208948e-05 -3.480404898024504516e-05 3.742819783977320121e-07 -1.046279242664828166e-07 -1.671651439326946402e-06 -1.855424920557678215e-07 7.278086157611829375e-08 -2.395416229106545387e-07 -1.350766714176890029e-07 -3.701572063462714661e-07 -6.014339689217945109e-08 2.569784559093726691e-08 3.115375580973815299e-08 1.661472200502037925e-03 -7.808288256893820527e-06 -6.656974053932898801e-05 -1.246843734302323619e-04 -2.124107729526506503e-04 5.332056288838788258e-05 8.363937389782676566e-05 2.124490557540348779e-04 -4.168081987035658197e-04 6.896459026250451214e-03 -1.466640611091603059e-03 -6.825514398351323689e-03 -6.704487057461144101e-07 -2.916302705590856621e-06 6.766774327332541849e-07 3.289352927022158627e-06 4.859285790503052569e-06 -2.768560149090631403e-05 2.126027091871332216e-04 -5.028624758098950353e-04
-2.677277638714937753e-04 -1.045349021971535996e-04 -1.112984829510881447e-03 -2.155101769161671782e-06 -2.545987422853862917e-05 -3.480404898024504516e-05 1.923889612288940060e-03 2.196767267468855006e-06 -5.761389100426441563e-06 -9.602713791263052149e-06 1.970155543925739235e-06 9.239473826750803795e-07 -9.484780306479348431e-08 -5.543599758093582667e-06 -1.281208161068773538e-06 -2.538204561408673524e-06 2.063168560138938691e-07 2.483235417435875364e-07 -8.100044541434274189e-04 -5.717892941302983475e-05 -8.111550862846760544e-04 3.411078965594426253e-04 9.490991587236830831e-04 -6.537100801247304731e-04 -3.332956959690721948e-04 -1.219142352430176721e-03 1.614547302586421054e-02 -2.309670198759545406e-02 1.661901480974646225e-02 3.651967152841426034e-02 -2.891654262261466879e-06 -3.655125713977704244e-06 -3.713410472335703478e-05 1.134636037769225129e-05 -3.476652385939114391e-06 1.893570481971023589e-05 -2.093080185193016939e-03 7.563673463554655522e-04
3.460726186436388915e-06 1.399872839172676748e-06 -6.523860791309398356e-06 1.171748893574973556e-08 2.138304292533068944e-07 3.742819783977320121e-07 2.196767267468855006e-06 2.423486821800416947e-05 6.829179650465191618e-07 4.277649154003526126e-07 -2.845166767674787346e-07 -8.059822913162774377e-08 2.790415166040164777e-07 6.804444463717576301e-08 1.058804413432265952e-07 1.830504583037253768e-07 -3.430979527476790439e-08 -3.928592769012910186e-09 4.471923814549384475e-04 2.343130156384264307e-06 -1.273004832198660146e-05 1.052914132817289944e-04 -1.866464686837581598e-05 -5.876547380903291253e-05 -1.855010035837624624e-04 -4.783129505806193700e-04 -4.300352960590880617e-03 8.927202419659946084e-03 3.321783648783909870e-03 3.406440696379280791e-03 1.032257651895123940e-06 1.916228831472113766e-06 2.723644406070048351e-06 3.706171834938833407e-06 -9.581896628106431122e-07 2.605936356865007903e-06 2.638832055529473516e-04 -9.691921119377207164e-04
-3.758311104700348357e-07 1.555832318890684546e-07 8.829744219947962777e-06 -1.239831827479602938e-09 -1.249877369733611111e-07 -1.046279242664828166e-07 -5.761389100426441563e-06 6.829179650465191618e-07 2.371134554317165210e-05 2.580512738589459065e-07 5.009940373242426451e-07 1.724273205279214458e-07 -2.876094631447089385e-07 2.758626380267250248e-07 -1.606034083429459287e-07 -3.188765741432299035e-08 3.734882393236284514e-09 -2.790932722660334649e-08 -2.546434680379610163e-04 6.566607578196109420e-06 5.482029579716626155e-05 4.244064462835307760e-05 -1.814085337172543943e-05 2.425183341592154328e-05 5.564477098663892288e-05 1.162019078248664901e-04 9.155265785496310028e-04 5.340446794426822498e-03 2.776234631241626932e-03 -2.428826175821890716e-03 -8.278717485432929168e-07 -1.239338333497119157e-06 -3.872758719846124369e-06 -2.537601155557297406e-06 3.729425962141136204e-06 -3.816833764485352110e-06 8.684455331303147130e-05 -1.926119322515838480e-04
-7.705854199133135550e-06 -3.064932214306064603e-06 -7.458310461658670227e-05 -7.091416647563799974e-08 -6.316022635589901501e-07 -1.671651439326946402e-06 -9.602713791263052149e-06 4.277649154003526126e-07 2.580512738589459065e-07 2.418165619559653872e-05 7.494327271444623166e-07 -1.443387441434017556e-07 4.149727814968993906e-08 -5.981095208399548813e-07 -1.558190512826719148e-08 2.526254081517558241e-07 -3.437112480214734493e-08 1.436829029900514648e-08 7.074877582837218624e-04 1.058508630601807036e-05 -3.644760376013104775e-05 6.986088057911743487e-05 4.554135901051307333e-05 -4.394064157516612481e-05 1.229516083068960073e-04 5.016655023614371598e-04 -3.821154496052141421e-03 -6.413054546710465591e-03 -8.071697355870762185e-04 3.076154543077759301e-04 1.954788439994360774e-06 5.449689110409209649e-07 3.693382012049851749e-06 2.304543005476597656e-06 3.532997255645472762e-06 -2.658597041125041046e-05 -4.354563412919488439e-05 3.451999514851589721e-04
-3.774810702528082178e-06 -1.445794733767308348e-06 -6.102261771128809833e-05 -4.508002519495358823e-08 -4.776928584946337064e-07 -1.855424920557678215e-07 1.970155543925739235e-06 -2.845166767674787346e-07 5.009940373242426451e-07 7.494327271444623166e-07 2.470108112393413498e-05 7.474865170903061496e-08 1.317019929116478972e-07 2.755009934425749276e-07 -3.628163437185347516e-07 -1.810233685855672476e-08 -6.894463085163942424e-09 1.684415906285549553e-08 5.433449993829294602e-04 1.721913900342450935e-05 8.049149005507606704e-05 -1.132051920201332715e-04 2.260200616293616018e-06 2.269987439685211261e-06 -9.733751050311962888e-05 6.777638154336930985e-05 -7.669448864281963422e-04 2.297256819470371459e-03 3.933027831616771612e-04 -4.141099867281984592e-03 -1.348832756953806883e-06 -1.506617402256926613e-06 1.617634368665653259e-06 3.936791943295207331e-06 -1.621965868467577173e-06 3.667061241924056529e-06 -9.438864093473472061e-05 2.683617915461166304e-04
-1.481878796490931673e-07 -5.340773638406275171e-07 -1.529222893393906193e-05 -5.075711177018580847e-09 -4.138339979362832612e-08 7.278086157611829375e-08 9.239473826750803795e-07 -8.059822913162774377e-08 1.724273205279214458e-07 -1.443387441434017556e-07 7.474865170903061496e-08 2.508253766907694632e-05 6.327632861023263361e-08 4.961817074594626444e-08 1.035378113343403417e-07 3.585410282814359379e-08 -1.138247491474288286e-08 1.295748023721507152e-08 7.711811806956572366e-04 -5.519334850142740968e-06 2.281370564173969124e-05 8.198498815696232266e-06 -7.155447498219691144e-05 -1.589938220036545702e-05 -2.005334571496851309e-04 -1.889288276758519728e-04 1.882032530615239093e-03 -9.322953133079003255e-04 4.491664379263415950e-04 -7.430176686218638261e-04 2.916475417913154058e-07 -6.080750994260018128e-07 1.483425749670279380e-06 4.336678378121913920e-07 2.328568779278675497e-06 1.681777741680317567e-05 2.180892713937465112e-05 -3.149943067651215243e-04
2.778236525997764547e-07 8.310409047312379376e-07 1.913751144239712710e-05 1.415365153199985783e-08 1.011173764645274454e-07 -2.395416229106545387e-07 -9.484780306479348431e-08 2.790415166040164777e-07 -2.876094631447089385e-07 4.149727814968993906e-08 1.317019929116478972e-07 6.327632861023263361e-08 2.455664188640064338e-05 4.306347375176123744e-07 6.567060361775281027e-08 -4.676194235601380432e-08 -2.282875842039780197e-08 2.117222254790315991e-08 -7.087507869193294648e-04 5.238639417258103922e-06 -1.022438101786157476e-05 1.905000261749180364e-05 2.772722574515533732e-05 5.798179568525883182e-06 6.031368277589647318e-05 3.482020620840343495e-04 -2.411598383046558488e-03 -4.212601143302877223e-03 -3.729025657441461259e-04 3.747748471029948517e-03 -2.783538636812366620e-07 5.942311429853806994e-07 -4.097164304060491974e-08 8.759055861608437105e-07 2.596075757199285310e-06 2.051443037194833533e-05 6.930144967754050351e-05 -5.459476818044665453e-05
-4.195141953325076747e-06 -2.049946879964325799e-06 1.632299263993781404e-05 -3.382281305706918344e-08 -5.414604297782573133e-07 -1.350766714176890029e-07 -5.543599758093582667e-06 6.804444463717576301e-08 2.758626380267250248e-07 -5.981095208399548813e-07 2.755009934425749276e-07 4.961817074594626444e-08 4.306347375176123744e-07 2.443204841152178287e-05 6.848960165565667405e-08 1.399356517703735847e-08 -1.007941683735299920e-08 9.089002288101013768e-09 -4.362279691633443816e-04 7.958256196284827982e-06 1.800053199899582116e-05 4.765533326313328842e-06 -2.518815458628117078e-05 3.910568995619395977e-06 -9.922181468111903810e-05 -7.516471406866360148e-05 1.812921087504161142e-03 -3.014547352892710079e-03 -5.746741605117047684e-06 3.569219762368720447e-03 -3.488929139234857985e-07 5.670926841422144757e-07 1.512368969485032349e-06 1.116445998770479813e-06 -2.452968790772519597e-06 3.683726527162032499e-07 -6.138789610628126044e-05 4.489894513220322303e-05
-2.605202478441320204e-06 -1.092412316302225495e-06 -9.840067637629079775e-06 -1.155556452270245120e-08 -2.109958732345821829e-07 -3.701572063462714661e-07 -1.281208161068773538e-06 1.058804413432265952e-07 -1.606034083429459287e-07 -1.558190512826719148e-08 -3.628163437185347516e-07 1.035378113343403417e-07 6.567060361775281027e-08 6.848960165565667405e-08 2.453219370463827529e-05 -4.119308269377235096e-08 -1.081757441752326340e-08 5.129426663386025113e-09 6.466110114137975937e-04 -1.007828001936420826e-05 5.103902749008194448e-05 -8.429735934103992502e-05 -3.299763281308183878e-05 7.292387938250529734e-05 1.574463330160274024e-04 2.829519594817313526e-04 -7.555381839358543022e-05 -2.899820105286519522e-03 -2.181735600398784693e-03 -1.447244837382579818e-03 4.986566097367760722e-07 7.506462414082994055e-07 1.927567427255872644e-06 1.520923067833571104e-06 -1.509881900937385450e-06 -1.045915351844869019e-05 1.202789280411530936e-05 3.617083317223391729e-05
1.048777713707587907e-05 -1.772592199558353480e-06 -5.011322570591578943e-05 -3.420303340481405816e-08 -1.880238012750377748e-07 -6.014339689217945109e-08 -2.538204561408673524e-06 1.830504583037253768e-07 -3.188765741432299035e-08 2.526254081517558241e-07 -1.810233685855672476e-08 3.585410282814359379e-08 -4.676194235601380432e-08 1.399356517703735847e-08 -4.119308269377235096e-08 6.338647112682553102e-06 -4.995124260802245219e-09 3.937087471243928782e-10 4.539880326346831005e-04 -9.241522074497609599e-06 4.039143896980064717e-05 -6.077418159293787565e-05 -8.771318553631047223e-06 -2.480277225635657724e-05 2.272354234741863225e-05 9.296088186026637981e-04 -1.826045230851567887e-04 4.587527644747615855e-04 1.443319535422406914e-03 5.459528099985963469e-04 1.387253859752739394e-06 -1.762252636685832017e-07 -4.188407369598980560e-07 4.894632053753058690e-07 9.870388485667871794e-08 5.223154489819062861e-06 3.735448189586825667e-05 -4.938178623855967093e-05
3.320649821348128012e-07 8.462161633684173453e-08 4.255210513130054980e-06 5.800192680082213018e-09 -1.823248806674258266e-09 2.569784559093726691e-08 2.063168560138938691e-07 -3.430979527476790439e-08 3.734882393236284514e-09 -3.437112480214734493e-08 -6.894463085163942424e-09 -1.138247491474288286e-08 -2.282875842039780197e-08 -1.007941683735299920e-08 -1.081757441752326340e-08 -4.995124260802245219e-09 4.369349448881496967e-07 -2.390712510768932748e-09 -1.621593606987524591e-04 1.212091382425705928e-06 3.761196156673736311e-05 -2.420384023128921026e-05 9.801249813426465450e-05 -1.064749828470518296e-04 -3.744976443586886013e-05 6.511171748774031607e-05 4.631569105180868666e-03 -3.907953152461125790e-03 -6.282442037202781932e-04 -6.731706735430253432e-05 1.282681283687030644e-08 -4.269207807148612754e-08 8.434924859746915120e-07 -5.618698740692585564e-07 3.137850822024227757e-07 2.595874945274594167e-06 1.632570225337051915e-06 8.796198994262591339e-06
-7.524642767013105728e-09 -8.511918746898763691e-08 -4.980925828276261616e-06 -1.859465241270081530e-09 -4.029804266966149334e-09 3.115375580973815299e-08 2.483235417435875364e-07 -3.928592769012910186e-09 -2.790932722660334649e-08 1.436829029900514648e-08 1.684415906285549553e-08 1.295748023721507152e-08 2.117222254790315991e-08 9.089002288101013768e-09 5.129426663386025113e-09 3.937087471243928782e-10 -2.390712510768932748e-09 4.093969388097774305e-07 4.823403471404219783e-04 -1.041107978087360021e-06 -7.994765020997168526e-06 2.912597537832741100e-07 -1.163402098853110938e-05 -1.626646249161494467e-05 2.379798556300666149e-04 4.820425304639343518e-04 -1.906594662943762448e-04 -8.270383011534071082e-04 1.260682805798165338e-03 -3.553351276483068810e-04 2.949293356239182330e-08 -9.083031267980707746e-08 -1.629274965301870249e-07 -2.042838970122610947e-07 -1.582149270504460969e-07 -8.481678140797209563e-07 1.820885860220828542e-07 5.174984952465547147e-06
-1.722347910824618576e-03 -1.230073753106998352e-03 -2.925612333207204888e-02 -4.860118271599522463e-05 -4.231379318959169037e-04 1.661472200502037925e-03 -8.100044541434274189e-04 4.471923814549384475e-04 -2.546434680379610163e-04 7.074877582837218624e-04 5.433449993829294602e-04 7.711811806956572366e-04 -7.087507869193294648e-04 -4.362279691633443816e-04 6.466110114137975937e-04 4.539880326346831005e-04 -1.621593606987524591e-04 4.823403471404219783e-04 4.564661780231811576e+02 -1.267579365222765708e-01 -8.102962181492147087e-01 8.885076102519223751e-01 2.567086036471944444e-01 6.928129409687162898e-02 -1.926611865827046088e+01 -6.141653951904707753e+01 2.053730263820965973e+01 -1.678485277856245830e+02 7.830782622487366780e+02 -6.057499664682628691e+02 2.066260111800478916e-03 3.398045388684121492e-03 -4.905736483728002917e-03 -8.031977196664293397e-03 7.172921660489679947e-03 -4.661915670163299663e-02 -3.607185302367567348e-02 -8.012699504850241683e-02
-5.320492593712534122e-05 -9.073691892038875283e-06 7.730299728436009800e-04 -1.744347403883859308e-08 -1.452308419420394517e-06 -7.808288256893820527e-06 -5.717892941302983475e-05 2.343130156384264307e-06 6.566607578196109420e-06 1.058508630601807036e-05 1.721913900342450935e-05 -5.519334850142740968e-06 5.238639417258103922e-06 7.958256196284827982e-06 -1.007828001936420826e-05 -9.241522074497609599e-06 1.212091382425705928e-06 -1.041107978087360021e-06 -1.267579365222765708e-01 8.280258367910672823e-02 2.103451330822162196e-04 -2.800985176859124219e-04 -6.374853490361211041e-04 -3.079304406954696876e-04 1.152018060184927147e-02 2.119811394853672419e-03 -9.637488932437993094e-02 1.872574042621178159e-01 6.505545035348004879e-01 2.838682911332774794e-03 -3.242678689967406727e-05 -8.225902190111740746e-05 3.070875305792119094e-04 2.713857692802784603e-05 -1.401949512325751197e-05 3.384758655089889967e-04 -1.208138387202320647e-03 -1.311846303912809607e-04
-9.167785930779681755e-04 -8.930353347281845457e-04 -1.778261001150266765e-02 -1.094388484741139812e-05 1.441760082661757518e-05 -6.656974053932898801e-05 -8.111550862846760544e-04 -1.273004832198660146e-05 5.482029579716626155e-05 -3.644760376013104775e-05 8.049149005507606704e-05 2.281370564173969124e-05 -1.022438101786157476e-05 1.800053199899582116e-05 5.103902749008194448e-05 4.039143896980064717e-05 3.761196156673736311e-05 -7.994765020997168526e-06 -8.102962181492147087e-01 2.103451330822162196e-04 4.605297882300960488e+00 -3.622582165445786817e+00 -8.129719834754757513e-02 4.646409278626692507e-02 4.203890085459072723e-01 3.872239196428783337e-01 -5.686774292477852377e+00 9.117878650217584591e-01 1.034802102265516233e+01 -2.158414674438241754e+00 8.250039874128384937e-04 3.023117854347333653e-05 -3.294700422222894548e-05 -8.147907567030754404e-04 -9.702801314093547659e-05 1.107339235088774555e-02 -6.900101315139160058e-03 1.689118081096402033e-02
6.455431797853122301e-04 7.970366092284357018e-04 2.510043519774067533e-02 2.163815729428502751e-05 7.500491675901570850e-05 -1.246843734302323619e-04 3.411078965594426253e-04 1.052914132817289944e-04 4.244064462835307760e-05 6.986088057911743487e-05 -1.132051920201332715e-04 8.198498815696232266e-06 1.905000261749180364e-05 4.765533326313328842e-06 -8.429735934103992502e-05 -6.077418159293787565e-05 -2.420384023128921026e-05 2.912597537832741100e-07 8.885076102519223751e-01 -2.800985176859124219e-04 -3.622582165445786817e+00 7.360665047326281574e+00 6.053831955360858275e-02 -4.578859463977342364e-02 -4.273100191125494551e-01 -4.306435711096935348e-01 4.217042426828752077e+00 -2.312122881312720590e+00 -6.733542222717504799e+00 9.366615459458885740e-01 -1.217157468853471633e-03 5.964173671276280271e-05 1.156136798114201997e-03 1.191596115433452572e-03 -8.241675193475674456e-04 -9.526162594471502751e-03 1.080887942417981668e-02 -2.829293330066543627e-02
-5.343374633758856936e-04 7.684678691389266276e-04 1.132874218028227277e-02 4.481708159673292368e-06 1.364379851352626298e-05 -2.124107729526507316e-04 9.490991587236835168e-04 -1.866464686837583293e-05 -1.814085337172543266e-05 4.554135901051301912e-05 2.260200616293689709e-06 -7.155447498219699276e-05 2.772722574515534410e-05 -2.518815458628114029e-05 -3.299763281308180490e-05 -8.771318553631074328e-06 9.801249813426462739e-05 -1.163402098853110938e-05 2.567086036471946664e-01 -6.374853490361245736e-04 -8.129719834754757513e-02 6.053831955360858275e-02 3.502535385833823955e+00 4.460966706202522669e-01 6.167003910915005299e-02 -5.607250085978422727e-02 -6.972567752225877769e+00 6.779717762099514822e+00 6.426571661279523173e-01 -6.355155516691979312e-01 -4.096912765033318459e-04 5.873778238481958645e-04 -1.447395433657831448e-05 -8.205264189067474766e-05 1.517835338482595832e-03 3.811538086608810133e-03 5.833148152679520741e-03 -3.849950449184877648e-03
3.223981075260287156e-04 4.426432591208830591e-04 1.986844606913497693e-02 1.281816877393180788e-05 6.789231203661305332e-05 5.332056288838788258e-05 -6.537100801247304731e-04 -5.876547380903291253e-05 2.425183341592154328e-05 -4.394064157516612481e-05 2.269987439685211261e-06 -1.589938220036545702e-05 5.798179568525883182e-06 3.910568995619395977e-06 7.292387938250529734e-05 -2.480277225635657724e-05 -1.064749828470518296e-04 -1.626646249161494467e-05 6.928129409687162898e-02 -3.079304406954696876e-04 4.646409278626692507e-02 -4.578859463977342364e-02 4.460966706202522669e-01 3.379427469571539611e+00 2.490770590397999307e+00 2.387870941085768806e+00 1.024931185675593248e+01 -1.547232471176758928e+01 3.527702080462235212e+00 3.586496179195968192e-01 2.990189017608659461e-05 -7.255393408540893995e-04 -1.338795488733801305e-03 -3.002637283229490917e-04 -1.456227382555113389e-04 2.457019566441227647e-03 7.667033288709265877e-03 4.457926651560512044e-02
-2.486528233335977278e-04 1.443986904883498133e-06 1.965200562384863958e-02 1.093163966216520431e-07 -1.926814620723087473e-05 8.363937389782676566e-05 -3.332956959690721948e-04 -1.855010035837624624e-04 5.564477098663892288e-05 1.229516083068960073e-04 -9.733751050311962888e-05 -2.005334571496851309e-04 6.031368277589647318e-05 -9.922181468111903810e-05 1.574463330160274024e-04 2.272354234741863225e-05 -3.744976443586886013e-05 2.379798556300666149e-04 -1.926611865827046088e+01 1.152018060184927147e-02 4.203890085459072723e-01 -4.273100191125494551e-01 6.167003910915005299e-02 2.490770590397999307e+00 1.871863205060449431e+01 3.225160037575923866e+01 3.918361786418981807e-01 3.783686294106151138e+01 -5.543556071558482046e+01 -2.574694793421769212e+00 7.595302573454045490e-04 -2.483081503954769238e-04 -1.160726277325284644e-03 -1.789800571700842511e-03 -7.410605306569527156e-04 -3.677634706774452703e-03 7.697439374903023920e-03 4.749097795422976831e-02
8.762833119369740258e-04 -1.342255922725052496e-03 -2.957231914387562291e-02 -2.383210370100896652e-05 -1.052847066971835099e-04 2.124490557540349592e-04 -1.219142352430175637e-03 -4.783129505806200206e-04 1.162019078248664630e-04 5.016655023614372683e-04 6.777638154336933696e-05 -1.889288276758522439e-04 3.482020620840345121e-04 -7.516471406866362859e-05 2.829519594817312984e-04 9.296088186026640150e-04 6.511171748774028897e-05 4.820425304639344060e-04 -6.141653951904707753e+01 2.119811394853664613e-03 3.872239196428783337e-01 -4.306435711096935348e-01 -5.607250085978422727e-02 2.387870941085768806e+00 3.225160037575923866e+01 8.523262135125868610e+01 -9.249043941116765311e+00 5.585561023939499847e+01 -4.762265359231768258e+01 -3.098163141802031362e+01 1.701504476653386416e-03 -2.186414217280318055e-04 7.735673955847877613e-04 -2.881471061276231951e-03 -8.180507978392215175e-04 -4.432026293913718384e-03 1.970339802824814732e-02 1.034553163992989466e-01
-3.738476804935914749e-02 -3.093202404578634240e-02 8.952070335017684455e-01 2.433125242346033634e-05 1.652158601148379698e-03 -4.168081987035658197e-04 1.614547302586421054e-02 -4.300352960590880617e-03 9.155265785496310028e-04 -3.821154496052141421e-03 -7.669448864281963422e-04 1.882032530615239093e-03 -2.411598383046558488e-03 1.812921087504161142e-03 -7.555381839358543022e-05 -1.826045230851567887e-04 4.631569105180868666e-03 -1.906594662943762448e-04 2.053730263820965973e+01 -9.637488932437993094e-02 -5.686774292477852377e+00 4.217042426828752077e+00 -6.972567752225877769e+00 1.024931185675593248e+01 3.918361786418981807e-01 -9.249043941116765311e+00 1.256272548594785258e+04 7.059486505118920832e+02 -1.394644942221925419e+02 -7.788331115607944355e+01 3.445711749288238313e-02 -1.502645474946375306e-02 -6.623390120065145159e-02 -2.998775130341592779e-02 -1.388731932605536956e-01 -4.375813635314395461e-02 -5.889137555560164383e-01 -1.650809140731288371e+00
-7.980412944390989985e-03 -2.664790137494820951e-02 -3.352824622591979997e-01 -3.079403774259191137e-04 1.601451470103074787e-03 6.896459026250451214e-03 -2.309670198759545406e-02 8.927202419659946084e-03 5.340446794426822498e-03 -6.413054546710465591e-03 2.297256819470371459e-03 -9.322953133079003255e-04 -4.212601143302877223e-03 -3.014547352892710079e-03 -2.899820105286519522e-03 4.587527644747615855e-04 -3.907953152461125790e-03 -8.270383011534071082e-04 -1.678485277856245830e+02 1.872574042621178159e-01 9.117878650217584591e-01 -2.312122881312720590e+00 6.779717762099514822e+00 -1.547232471176758928e+01 3.783686294106151138e+01 5.585561023939499847e+01 7.059486505118920832e+02 1.266325175953560210e+04 1.346425824229600039e+03 -3.206976641040611753e+02 -5.094936623432566591e-02 -5.861609612020318803e-04 1.087629404238791841e-01 -6.407278319004623690e-03 -5.180199028957540447e-02 1.593348037691780517e-01 -2.136993501157362363e-01 -1.813598207888600156e+00
-2.561029176079024361e-02 -2.532303812201058824e-02 -6.156309818683492613e-02 -1.822754337250248613e-04 -2.973620449542372680e-03 -1.466640611091608697e-03 1.661901480974645184e-02 3.321783648783912905e-03 2.776234631241625631e-03 -8.071697355870797964e-04 3.933027831616820401e-04 4.491664379263407818e-04 -3.729025657441423312e-04 -5.746741605117243348e-06 -2.181735600398785127e-03 1.443319535422409082e-03 -6.282442037202787353e-04 1.260682805798165771e-03 7.830782622487367917e+02 6.505545035348004879e-01 1.034802102265516233e+01 -6.733542222717504799e+00 6.426571661279523173e-01 3.527702080462235212e+00 -5.543556071558482046e+01 -4.762265359231768258e+01 -1.394644942221925419e+02 1.346425824229600039e+03 1.176014323084222997e+04 1.029843054507415900e+03 9.458724367533167046e-03 3.197331382467243771e-02 -2.381582096123844097e-02 3.623420260622145506e-02 -1.893882031442848182e-02 -1.236489217502208249e-01 -6.879424405090199812e-01 5.826779804567902010e-01
-2.082727830372822775e-02 -1.528134070320178936e-02 -1.823495960733719778e+00 -7.769011387453439704e-04 6.112687814101136876e-04 -6.825514398351323689e-03 3.651967152841426034e-02 3.406440696379280791e-03 -2.428826175821890716e-03 3.076154543077759301e-04 -4.141099867281984592e-03 -7.430176686218638261e-04 3.747748471029948517e-03 3.569219762368720447e-03 -1.447244837382579818e-03 5.459528099985963469e-04 -6.731706735430253432e-05 -3.553351276483068810e-04 -6.057499664682628691e+02 2.838682911332774794e-03 -2.158414674438241754e+00 9.366615459458885740e-01 -6.355155516691979312e-01 3.586496179195968192e-01 -2.574694793421769212e+00 -3.098163141802031362e+01 -7.788331115607944355e+01 -3.206976641040611753e+02 1.029843054507415900e+03 1.302956964749722465e+04 -6.953915359500014576e-03 1.549106058515078294e-02 -6.575579626089181340e-02 1.072727712690596698e-02 -5.007331007790984112e-02 1.076143612139681544e-01 4.454945704938211015e-02 -3.244228439222909710e+00
6.475270548793473323e-06 1.166530390751018682e-06 -1.205997377201684025e-04 -6.123701145591353293e-08 5.355962813456555779e-07 -6.704487057461144101e-07 -2.891654262261466879e-06 1.032257651895123940e-06 -8.278717485432929168e-07 1.954788439994360774e-06 -1.348832756953806883e-06 2.916475417913154058e-07 -2.783538636812366620e-07 -3.488929139234857985e-07 4.986566097367760722e-07 1.387253859752739394e-06 1.282681283687030644e-08 2.949293356239182330e-08 2.066260111800478916e-03 -3.242678689967404694e-05 8.250039874128384937e-04 -1.217157468853471633e-03 -4.096912765033318459e-04 2.990189017608659461e-05 7.595302573454045490e-04 1.701504476653386416e-03 3.445711749288238313e-02 -5.094936623432566591e-02 9.458724367533167046e-03 -6.953915359500014576e-03 1.510842053636195399e-03 2.716196424581555392e-04 5.130686580067337301e-06 -4.256594518119189850e-04 -2.788364732667293050e-05 -1.044782660718270446e-04 1.324549786591537463e-04 3.390939293949285309e-04
-1.308510021670633974e-06 2.494921022321428097e-06 -3.259274361507887149e-04 -1.000647563580990385e-07 2.696965439554380166e-07 -2.916302705590856197e-06 -3.655125713977708479e-06 1.916228831472112919e-06 -1.239338333497118310e-06 5.449689110409206472e-07 -1.506617402256927036e-06 -6.080750994260023422e-07 5.942311429853806994e-07 5.670926841422141581e-07 7.506462414082987702e-07 -1.762252636685829634e-07 -4.269207807148596873e-08 -9.083031267980705099e-08 3.398045388684121058e-03 -8.225902190111747522e-05 3.023117854347333653e-05 5.964173671276280271e-05 5.873778238481958645e-04 -7.255393408540893995e-04 -2.483081503954769238e-04 -2.186414217280318055e-04 -1.502645474946375306e-02 -5.861609612020318803e-04 3.197331382467243771e-02 1.549106058515078294e-02 2.716196424581555392e-04 8.822327934561389464e-04 1.482872520959070074e-06 6.837208643811198147e-04 -1.392051048890690621e-05 -3.827865059003017435e-05 -2.764172910753693736e-05 1.117567457775509124e-04
2.518580308517244276e-05 9.402317297546051777e-06 5.260818266279350137e-04 3.605990861815859764e-07 3.386536859737897070e-06 6.766774327332541849e-07 -3.713410472335703478e-05 2.723644406070048351e-06 -3.872758719846124369e-06 3.693382012049851749e-06 1.617634368665653259e-06 1.483425749670279380e-06 -4.097164304060491974e-08 1.512368969485032349e-06 1.927567427255872644e-06 -4.188407369598980560e-07 8.434924859746915120e-07 -1.629274965301870249e-07 -4.905736483728002917e-03 3.070875305792119094e-04 -3.294700422222894548e-05 1.156136798114201997e-03 -1.447395433657831448e-05 -1.338795488733801305e-03 -1.160726277325284644e-03 7.735673955847877613e-04 -6.623390120065145159e-02 1.087629404238791841e-01 -2.381582096123844097e-02 -6.575579626089181340e-02 5.130686580067337301e-06 1.482872520959070074e-06 8.142856288460936093e-03 -3.115258505451254292e-05 3.387658004967052583e-05 -1.133655828663502740e-04 1.222175573423377026e-05 -3.137448856754731542e-03
1.016529780680532397e-05 -4.394395599023167660e-06 -1.786954754859860703e-04 2.953079609051892635e-08 6.506088430476496918e-07 3.289352927022158627e-06 1.134636037769225129e-05 3.706171834938833407e-06 -2.537601155557297406e-06 2.304543005476597656e-06 3.936791943295207331e-06 4.336678378121913920e-07 8.759055861608437105e-07 1.116445998770479813e-06 1.520923067833571104e-06 4.894632053753058690e-07 -5.618698740692585564e-07 -2.042838970122610947e-07 -8.031977196664293397e-03 2.713857692802784603e-05 -8.147907567030754404e-04 1.191596115433452572e-03 -8.205264189067474766e-05 -3.002637283229490917e-04 -1.789800571700842511e-03 -2.881471061276231951e-03 -2.998775130341592779e-02 -6.407278319004623690e-03 3.623420260622145506e-02 1.072727712690596698e-02 -4.256594518119189850e-04 6.837208643811198147e-04 -3.115258505451254292e-05 3.218373632332694519e-03 -2.378625974287027753e-05 2.762372878077462004e-04 1.601996668737359496e-04 5.720328463932089795e-04
1.395733864491966112e-05 1.097357420660631813e-05 6.139514303364521867e-04 3.912999959860480988e-07 -8.055775993587905735e-07 4.859285790503051722e-06 -3.476652385939086862e-06 -9.581896628106431122e-07 3.729425962141133239e-06 3.532997255645474880e-06 -1.621965868467576538e-06 2.328568779278673380e-06 2.596075757199280652e-06 -2.452968790772522562e-06 -1.509881900937385874e-06 9.870388485667943263e-08 3.137850822024231463e-07 -1.582149270504460704e-07 7.172921660489677345e-03 -1.401949512325723245e-05 -9.702801314093547659e-05 -8.241675193475674456e-04 1.517835338482595832e-03 -1.456227382555113389e-04 -7.410605306569527156e-04 -8.180507978392215175e-04 -1.388731932605536956e-01 -5.180199028957540447e-02 -1.893882031442848182e-02 -5.007331007790984112e-02 -2.788364732667293050e-05 -1.392051048890690621e-05 3.387658004967052583e-05 -2.378625974287027753e-05 8.145409951012386185e-03 8.546772546874600353e-05 -1.666445106257735697e-04 -8.534432638104814429e-04
2.682500746531327779e-05 3.831067475312393704e-05 -2.401760786726144480e-03 -9.937677674648484890e-07 4.356438384198707814e-06 -2.768560149090631403e-05 1.893570481971023589e-05 2.605936356865007903e-06 -3.816833764485352110e-06 -2.658597041125041046e-05 3.667061241924056529e-06 1.681777741680317567e-05 2.051443037194833533e-05 3.683726527162032499e-07 -1.045915351844869019e-05 5.223154489819062861e-06 2.595874945274594167e-06 -8.481678140797209563e-07 -4.661915670163299663e-02 3.384758655089889967e-04 1.107339235088774555e-02 -9.526162594471502751e-03 3.811538086608810133e-03 2.457019566441227647e-03 -3.677634706774452703e-03 -4.432026293913718384e-03 -4.375813635314395461e-02 1.593348037691780517e-01 -1.236489217502208249e-01 1.076143612139681544e-01 -1.044782660718270446e-04 -3.827865059003017435e-05 -1.133655828663502740e-04 2.762372878077462004e-04 8.546772546874600353e-05 2.906597480391318045e-01 -4.735395671705924813e-04 -1.456262451084328925e-02
3.835018237798792744e-03 1.730156962838933854e-03 1.225343260735075506e-03 3.347431926864950725e-05 4.486002338318424059e-04 2.126027091871332216e-04 -2.093080185193016939e-03 2.638832055529473516e-04 8.684455331303147130e-05 -4.354563412919488439e-05 -9.438864093473472061e-05 2.180892713937465112e-05 6.930144967754050351e-05 -6.138789610628126044e-05 1.202789280411530936e-05 3.735448189586825667e-05 1.632570225337051915e-06 1.820885860220828542e-07 -3.607185302367567348e-02 -1.208138387202320647e-03 -6.900101315139160058e-03 1.080887942417981668e-02 5.833148152679520741e-03 7.667033288709265877e-03 7.697439374903023920e-03 1.970339802824814732e-02 -5.889137555560164383e-01 -2.136993501157362363e-01 -6.879424405090199812e-01 4.454945704938211015e-02 1.324549786591537463e-04 -2.764172910753693736e-05 1.222175573423377026e-05 1.601996668737359496e-04 -1.666445106257735697e-04 -4.735395671705924813e-04 2.883510666782284626e-01 5.982638008316268907e-01
-3.618493003791106288e-03 -9.840018959528197204e-04 1.209547401850665296e-02 -7.686229512811666465e-06 -3.361429769677278488e-04 -5.028624758098948185e-04 7.563673463554616491e-04 -9.691921119377207164e-04 -1.926119322515842816e-04 3.451999514851585927e-04 2.683617915461167930e-04 -3.149943067651214158e-04 -5.459476818044666131e-05 4.489894513220312817e-05 3.617083317223405281e-05 -4.938178623855967093e-05 8.796198994262598115e-06 5.174984952465550535e-06 -8.012699504850261112e-02 -1.311846303912803915e-04 1.689118081096402033e-02 -2.829293330066543627e-02 -3.849950449184877648e-03 4.457926651560512044e-02 4.749097795422976831e-02 1.034553163992989466e-01 -1.650809140731288371e+00 -1.813598207888600156e+00 5.826779804567902010e-01 -3.244228439222909710e+00 3.390939293949285309e-04 1.117567457775509124e-04 -3.137448856754731542e-03 5.720328463932089795e-04 -8.534432638104814429e-04 -1.456262451084328925e-02 5.982638008316268907e-01 7.215719977320130596e+00
