# As_1e9 ns H0 omegab omegam DES_DZ_S1 DES_DZ_S2 DES_DZ_S3 DES_DZ_S4 DES_M1 DES_M2 DES_M3 DES_M4 DES_A1_1 DES_A1_2 DES_A2_1 DES_A2_2 DES_BTA_1
4.510836726570776056e-01 2.314020241264449357e-02 -1.203234537672224658e+00 -1.622106113456174472e-04 -1.876090665124373683e-02 6.686162120658464879e-05 4.401980235186732582e-05 1.586496277646377024e-05 -8.344031699078016955e-05 1.455697157905174530e-05 4.713578739684149658e-05 -5.697549153927945580e-05 -6.408008899633484763e-05 -1.373104812121679445e-02 -4.278141854390041937e-02 -2.700240392145583992e-02 5.393522755498276339e-02 1.991855590525697800e-02
2.314020241264449357e-02 2.957125305259420290e-03 -1.190864119562823897e-01 5.295995058301694944e-05 -7.312407573541724031e-04 -5.236986432490166022e-06 5.665949778959916583e-07 1.522208129940888392e-06 -3.008632441928839100e-06 7.720048431145205183e-07 9.149726151894988917e-06 -2.876950513973455683e-06 -2.978245199230997616e-06 9.551637475266032016e-04 1.179010475090761997e-02 9.774075415041506495e-03 -8.331728235660204943e-03 8.160599594233250431e-03
-1.203234537672224658e+00 -1.190864119562823897e-01 9.499702835968737702e+01 2.025862691987251676e-02 -2.271720216528597958e-01 4.438213253272852441e-04 6.732588334551198447e-04 6.111327275166751746e-04 -5.022368740776924755e-04 -7.017293575515994150e-05 5.146253410678834628e-04 8.452844926183559040e-04 -1.414949513389738363e-04 3.776767215570570602e-01 1.174061852869202838e+00 9.817630756581083862e-01 -1.394284062642769495e+00 4.124898450198039579e-01
-1.622106113456174472e-04 5.295995058301694944e-05 2.025862691987251676e-02 1.284856754014021920e-04 1.113925504738748367e-04 -1.340520207802906394e-06 1.949005090683915561e-07 -8.907948012276164899e-07 4.692494648913966264e-07 7.361761368418492951e-07 4.794358791484077331e-07 -6.200659651868580032e-07 -5.925670619313967649e-08 -2.832371954256847346e-04 -1.840213726102242291e-04 -2.253559259780120135e-04 6.122969096040880351e-04 2.525699672898449157e-04
-1.876090665124373683e-02 -7.312407573541724031e-04 -2.271720216528597958e-01 1.113925504738748367e-04 1.940321282188647726e-03 -5.187757450602269365e-06 -4.646116010977727300e-06 -7.621193475684851681e-06 4.083167384878793705e-06 6.743276736095642494e-07 -2.721657541107248090e-06 -3.187695301844855428e-06 1.440073866997084038e-06 -2.756796723498885745e-04 6.318201574650397648e-04 -4.579607284136004734e-04 3.212025951913859557e-04 -2.120552167218559252e-03
6.686162120658464879e-05 -5.236986432490166022e-06 4.438213253272852441e-04 -1.340520207802906394e-06 -5.187757450602269365e-06 2.388379492123264059e-05 9.652242825050322561e-07 -3.673224322300817472e-07 -6.011840441093557843e-08 2.050647451228429566e-07 -1.203397287691311123e-07 -2.629732396698413592e-07 -1.150791282024467726e-07 -2.266552396230091902e-05 -1.185428951549705222e-03 1.409682278823492173e-04 -4.938317857255613511e-04 -5.351874080569955121e-05
4.401980235186732582e-05 5.665949778959920818e-07 6.732588334551198447e-04 1.949005090683915032e-07 -4.646116010977727300e-06 9.652242825050322561e-07 2.329638392604944870e-05 5.804099562966290255e-07 4.154939229847702020e-07 7.436478434042718875e-08 -8.199809363092778498e-07 1.750898965447150115e-07 1.908509414855027324e-07 2.223920877076755894e-04 9.412631817557443699e-04 -4.330395265490171350e-06 -1.490017941959513219e-05 -3.797086953566926131e-05
1.586496277646377024e-05 1.522208129940888392e-06 6.111327275166751746e-04 -8.907948012276164899e-07 -7.621193475684851681e-06 -3.673224322300818001e-07 5.804099562966290255e-07 2.377138435652315757e-05 4.813512058408182493e-07 -4.045842580114108320e-08 1.595774387461661471e-07 -7.744320800304279197e-07 7.099505527451135674e-07 -1.087769070101709390e-04 -1.846675292504515551e-04 -1.635247864035582006e-04 1.852389435874210390e-04 6.583994691690787189e-05
-8.344031699078015599e-05 -3.008632441928839100e-06 -5.022368740776924755e-04 4.692494648913966264e-07 4.083167384878793705e-06 -6.011840441093557843e-08 4.154939229847702020e-07 4.813512058408182493e-07 2.403600461026689195e-05 -1.272927336277921120e-07 -1.180224106917983453e-07 4.851615645724968043e-07 -7.366872727329064461e-07 -5.577408069836182987e-05 -8.485019881931623762e-05 -1.375319412253242783e-04 1.787787586939675293e-04 1.270417810414731135e-05
1.455697157905175377e-05 7.720048431145204124e-07 -7.017293575515992795e-05 7.361761368418495069e-07 6.743276736095639318e-07 2.050647451228429566e-07 7.436478434042717552e-08 -4.045842580114110305e-08 -1.272927336277921120e-07 2.469878402224665390e-05 -7.822047250871623541e-08 -2.534154052119655049e-07 -5.606157984203358424e-08 -1.333710580853728704e-05 -1.928977484734209979e-04 -4.621745912105913170e-05 2.133445231076049715e-04 -3.058912494155864668e-05
4.713578739684149658e-05 9.149726151894988917e-06 5.146253410678834628e-04 4.794358791484077331e-07 -2.721657541107248090e-06 -1.203397287691311123e-07 -8.199809363092776380e-07 1.595774387461661471e-07 -1.180224106917983453e-07 -7.822047250871623541e-08 2.446748850307441889e-05 1.768813395785099964e-07 1.112508306149367911e-08 4.088520883573104224e-05 1.349437470469726480e-04 2.095428342428170328e-04 -3.738729239650646430e-04 1.535608346719905410e-05
-5.697549153927945580e-05 -2.876950513973455683e-06 8.452844926183559040e-04 -6.200659651868580032e-07 -3.187695301844855428e-06 -2.629732396698414121e-07 1.750898965447150115e-07 -7.744320800304279197e-07 4.851615645724968043e-07 -2.534154052119655049e-07 1.768813395785100229e-07 2.389637530612214429e-05 6.515749208540218266e-07 -6.061807992268096251e-05 -9.939547201666669874e-05 -3.652691867036920325e-05 -5.726652180003031188e-05 4.679900481434223373e-05
-6.408008899633486119e-05 -2.978245199230998040e-06 -1.414949513389739989e-04 -5.925670619313959708e-08 1.440073866997082980e-06 -1.150791282024467991e-07 1.908509414855027324e-07 7.099505527451139909e-07 -7.366872727329069754e-07 -5.606157984203341880e-08 1.112508306149355669e-08 6.515749208540217207e-07 2.411030984768003959e-05 8.046516487696983753e-06 1.512080772163783445e-04 -1.165511565153718463e-04 1.494908757160481048e-04 1.495677845559389798e-05
-1.373104812121679445e-02 9.551637475266027679e-04 3.776767215570570602e-01 -2.832371954256847346e-04 -2.756796723498883576e-04 -2.266552396230093257e-05 2.223920877076755894e-04 -1.087769070101709255e-04 -5.577408069836182987e-05 -1.333710580853728026e-05 4.088520883573104224e-05 -6.061807992268096929e-05 8.046516487696987142e-06 1.682355770233102121e-01 7.576133450681360459e-01 4.946818117494427430e-02 -3.768451259571873463e-02 -3.932818452685668542e-02
-4.278141854390041937e-02 1.179010475090762344e-02 1.174061852869203060e+00 -1.840213726102240936e-04 6.318201574650393311e-04 -1.185428951549705222e-03 9.412631817557443699e-04 -1.846675292504515822e-04 -8.485019881931633249e-05 -1.928977484734209979e-04 1.349437470469725937e-04 -9.939547201666665808e-05 1.512080772163783716e-04 7.576133450681360459e-01 4.762648495385958469e+00 2.086414366782215202e-01 2.100272684588656152e-02 1.706488500489913296e-01
-2.700240392145583992e-02 9.774075415041506495e-03 9.817630756581086082e-01 -2.253559259780119864e-04 -4.579607284136007444e-04 1.409682278823491631e-04 -4.330395265490168809e-06 -1.635247864035582819e-04 -1.375319412253243054e-04 -4.621745912105911815e-05 2.095428342428170328e-04 -3.652691867036918292e-05 -1.165511565153718463e-04 4.946818117494427430e-02 2.086414366782215202e-01 3.464529544387127125e-01 -5.509903024271411986e-01 5.321095903342968475e-02
5.393522755498277726e-02 -8.331728235660203208e-03 -1.394284062642769495e+00 6.122969096040882520e-04 3.212025951913851968e-04 -4.938317857255613511e-04 -1.490017941959518471e-05 1.852389435874209848e-04 1.787787586939674751e-04 2.133445231076048088e-04 -3.738729239650645888e-04 -5.726652180003037287e-05 1.494908757160481048e-04 -3.768451259571873463e-02 2.100272684588657887e-02 -5.509903024271411986e-01 1.047499206001927252e+00 -6.227050268533697482e-03
1.991855590525697800e-02 8.160599594233252166e-03 4.124898450198041244e-01 2.525699672898448615e-04 -2.120552167218558819e-03 -5.351874080569955121e-05 -3.797086953566928164e-05 6.583994691690787189e-05 1.270417810414730119e-05 -3.058912494155862635e-05 1.535608346719901006e-05 4.679900481434224729e-05 1.495677845559389967e-05 -3.932818452685668542e-02 1.706488500489913573e-01 5.321095903342968475e-02 -6.227050268533698349e-03 2.332342250911484949e-01
