# As_1e9 ns H0 omegab omegam DES_DZ_S1 DES_DZ_S2 DES_DZ_S3 DES_DZ_S4 DES_M1 DES_M2 DES_M3 DES_M4 DES_DZ_L1 DES_DZ_L2 DES_DZ_L3 DES_DZ_L4 DES_DZ_L5 DES_A1_1 DES_A1_2 DES_A2_1 DES_A2_2 DES_BTA_1 DES_B1_1 DES_B1_2 DES_B1_3 DES_B1_4 DES_B1_5 DES_PM1 DES_PM2 DES_PM3 DES_PM4 DES_PM5
6.988341901195876948e-02 9.591036786343466736e-03 -9.744021587516359384e-01 -8.117203581182001748e-04 -2.054483309705901293e-03 -1.380666981783938040e-05 -4.084013650633493776e-05 -6.214952553712316870e-05 -3.143147699772787403e-05 -5.780119556038833221e-07 1.240362513085610004e-05 -4.072613337607196938e-05 -3.814098368412084374e-05 -2.867537313502414000e-06 8.702405706329306132e-06 -4.575797544274358071e-06 2.216506529869674292e-05 1.735834107368088984e-04 -1.362429516426240600e-03 -7.818330143487622896e-03 2.643098856699659452e-02 -1.528463970371501078e-02 1.473685229650402266e-02 -8.075180636963299324e-03 -8.393980487380563529e-03 -6.885841153838241809e-03 -9.570144724372436212e-03 -8.966602362120117478e-03 -4.129723630952203406e-02 -3.489177211727940292e-02 -2.265355323961053963e-02 -2.980935501701847262e-02 -1.640021205512263644e-02
9.591036786343466736e-03 2.090598727465822759e-03 -1.118022626867783975e-01 -1.180126058536538635e-06 -2.614891896615720410e-04 -1.095064315412146736e-05 -7.665707791967790337e-06 -4.605016325765033158e-06 2.610292949896334037e-06 5.746618926227498655e-07 1.600390881689064074e-06 -2.183955202024348904e-07 -2.425798581956655069e-06 -1.289819711214780400e-06 -1.617177326742875920e-06 -4.634840708159731717e-06 -5.237242351162162356e-06 4.818462385747200729e-06 -8.056666750877362762e-04 1.975442007867549165e-04 6.239530074252822717e-03 -2.742045367440052589e-03 6.215429243651491090e-03 -6.503665607270418250e-04 -6.356277090361355138e-04 -4.896750060422534658e-04 -6.921172089899069917e-04 -6.571766075886143876e-04 -9.749343394002619317e-03 -8.000543792344973204e-03 -5.333458168727591049e-03 -6.947817619460595027e-03 -6.544915440147616378e-03
-9.744021587516359384e-01 -1.118022626867783975e-01 7.990670173871758664e+01 3.117816959716615891e-02 -1.847325968816455055e-01 1.345150422174329005e-04 5.959919659256568761e-04 3.422970125595334702e-04 -1.106210072643565908e-03 2.517133933347864881e-04 6.407224341566338573e-04 -5.108876008555276755e-04 -8.598222931753928119e-04 2.078450596268070858e-03 -2.192937579658825660e-04 2.738786156743497954e-04 1.431404383433645998e-03 5.302699721037745263e-03 2.427657156683132034e-01 -9.309754487838937942e-02 7.333952470297556703e-01 -9.620720656773684709e-01 -1.449792457237957244e-01 -6.598971165734074384e-01 -6.415359950416079649e-01 -5.100134791726547157e-01 -6.751830564397495182e-01 -6.627480615395154873e-01 -2.233317714416867439e+00 -2.819609845527251579e+00 -2.031948795557562804e+00 -2.555834453184128829e+00 -2.107590594154348462e+00
-8.117203581182001748e-04 -1.180126058536538635e-06 3.117816959716615891e-02 9.514176674927640525e-05 6.268122477593753277e-05 -8.030948061873598665e-07 -1.587583703727151069e-07 -9.184857130347373781e-07 8.410996412460631264e-07 -1.205924090847151864e-08 -1.251981922269914356e-06 5.829187912711900021e-08 -5.071799395583744517e-08 -8.016588158126293104e-07 -6.214459026998218306e-08 -4.040323014444260984e-07 -1.920032500757279626e-06 -3.592578576544748827e-06 -1.761319081168535774e-04 -1.829351181142316752e-04 2.145304351675408308e-04 -4.207815236772254733e-06 4.403875783464194040e-04 2.457180037927304199e-04 2.403637429494669510e-04 1.972294731302208113e-04 2.476618946662267223e-04 2.456389768731210860e-04 1.055087292836249786e-04 3.294684967119546862e-04 3.231071446648304027e-04 3.498710065748779829e-04 -2.160264675656916710e-04
-2.054483309705901293e-03 -2.614891896615720410e-04 -1.847325968816455055e-01 6.268122477593753277e-05 9.182971489118879138e-04 6.439558526191152724e-07 -2.316676157752515504e-07 -6.675897955129241978e-07 5.431315525769427238e-06 -9.743055809727877479e-07 -4.805118965522377958e-06 1.905270993543823649e-06 3.312963486485498726e-06 -9.518202022829665927e-06 -1.945304215888730552e-07 -1.822283485857457407e-06 -9.178548310073950629e-06 -3.413650387080335727e-05 -1.169538620568210015e-03 -8.917959019347275560e-04 -3.554927852831769007e-03 3.631708464049135474e-03 -1.613288494798485219e-04 3.271948009304528285e-03 3.198673014876890919e-03 2.558395501750661619e-03 3.398440055649586469e-03 3.313460118674939076e-03 1.011101401348446158e-02 1.231534668462242257e-02 8.985721587905302898e-03 1.134940095803364107e-02 8.045099115066687082e-03
-1.380666981783938040e-05 -1.095064315412146736e-05 1.345150422174329005e-04 -8.030948061873598665e-07 6.439558526191152724e-07 2.268701513695708504e-05 2.112673900902934042e-06 -5.790116672581837487e-07 -6.905088949991284782e-07 -2.716473149447010586e-07 6.811728496465635578e-07 -2.036789631760054046e-07 -2.902100693471268485e-07 3.005936286815015323e-07 6.394200046830330540e-08 -7.574967345140063116e-08 2.135503397751022893e-07 4.520934533081463238e-08 8.908747735292310202e-06 -1.124859924320081818e-03 1.215302022064808992e-04 -4.741863758608669288e-04 -1.373117082946123202e-04 -7.041429997336510425e-06 -1.109389502958402187e-05 -9.344351711885952959e-06 -1.341782675997625446e-05 -1.704074265092350783e-05 -1.836195553393459590e-05 9.705105130659739799e-06 -5.414977518412285461e-06 4.524010962133251292e-05 6.879662089269756339e-05
-4.084013650633493776e-05 -7.665707791967790337e-06 5.959919659256568761e-04 -1.587583703727151069e-07 -2.316676157752515504e-07 2.112673900902934042e-06 2.072550691337818497e-05 7.831888176223758386e-07 -9.048861023106382193e-10 5.190583018180330487e-07 -1.206222526460558881e-06 2.100235908474009535e-07 5.456464108230022183e-07 2.790294880710823432e-07 1.238652605155951435e-07 1.140337608973616235e-07 -3.430110163518791703e-07 -1.575027485333378005e-06 1.065842205242585031e-04 3.915211710383708927e-04 -9.377707119678214650e-05 9.641180814096100653e-05 -7.752849054372576399e-05 3.276188680541378659e-06 -3.857967970357167870e-07 -5.083099440905437313e-07 6.040715760841761042e-07 -5.501283626328698821e-07 2.238984156115397006e-05 4.823112360947325608e-05 9.028568843202970607e-05 2.787237025312084269e-04 3.905564080707139038e-04
-6.214952553712316870e-05 -4.605016325765033158e-06 3.422970125595334702e-04 -9.184857130347373781e-07 -6.675897955129241978e-07 -5.790116672581837487e-07 7.831888176223758386e-07 2.138537512204647883e-05 2.016047140461843608e-06 1.973802177042417519e-07 2.528123596156459192e-07 -2.163106879011545647e-06 9.539430539791443465e-07 2.083304123675755051e-07 5.570877113720916235e-08 5.324653952697229254e-08 2.845827881253822372e-07 1.756955591309043384e-07 7.682109969751409445e-05 7.425029929628302596e-04 -1.141942713722970411e-04 1.445204559031528543e-04 1.716116151285155552e-05 1.098841533866783048e-05 1.577993285866757364e-05 1.252721352559766384e-05 1.518646826493728628e-05 1.381957523071658134e-05 9.932830527945770024e-05 -3.076570713711058015e-05 -5.112745217938607754e-05 2.653473080801492406e-05 3.675454921285390840e-04
-3.143147699772787403e-05 2.610292949896334037e-06 -1.106210072643565908e-03 8.410996412460631264e-07 5.431315525769427238e-06 -6.905088949991284782e-07 -9.048861023106311883e-10 2.016047140461843608e-06 2.273382543111058222e-05 1.958219922478260600e-08 -1.478858908992987409e-08 6.668941001120680785e-07 -1.216103124506640893e-06 -5.397978389464833324e-08 -1.494257321652749593e-07 2.910008731185606728e-07 1.052270250179291509e-07 1.120159382632169409e-06 -1.075530736064046171e-05 1.568904129071414181e-04 -1.078720303224588314e-04 1.501487730995817885e-04 6.404145213859803812e-05 3.415399215573860500e-05 3.946111556346494620e-05 3.436656854562471930e-05 4.380830854924624339e-05 4.142764600965936255e-05 1.445789563140431697e-04 3.487052139029936685e-05 -1.084832621504439016e-04 -3.651601068578566090e-04 -7.307941460368767069e-04
-5.780119556038833221e-07 5.746618926227498655e-07 2.517133933347864881e-04 -1.205924090847151864e-08 -9.743055809727875362e-07 -2.716473149447010586e-07 5.190583018180330487e-07 1.973802177042417519e-07 1.958219922478260600e-08 2.509734596019309058e-05 1.600256129151698675e-07 -3.030409282246927960e-09 7.289032605655701614e-08 -7.972589579805563443e-08 -7.490531525232743491e-08 4.207665466237614077e-08 5.156966588397858580e-08 3.191860542631948627e-07 2.024284055564178015e-05 6.354069778483642733e-05 -4.181450928533763300e-05 2.222892235355765497e-04 -2.888518958585188203e-05 -1.093270107153467824e-06 -3.404517583012199090e-06 -1.753081421247997527e-06 -1.954324087480144327e-06 -3.198921094532871026e-06 -1.472212489972284505e-05 2.605561415970825109e-06 -5.566709710049325550e-05 -7.981526966602607543e-05 -2.085274520803117617e-04
1.240362513085610004e-05 1.600390881689064074e-06 6.407224341566338573e-04 -1.251981922269914356e-06 -4.805118965522377958e-06 6.811728496465635578e-07 -1.206222526460558881e-06 2.528123596156459192e-07 -1.478858908992987409e-08 1.600256129151698675e-07 2.388476972629915857e-05 2.937977139733837528e-07 1.050804442618571994e-07 2.359926921280724491e-07 5.868675795967318851e-08 4.496719532914014954e-09 -1.573122252080515098e-07 1.432992105041502373e-07 -1.267734886420626688e-05 -2.015505950457918759e-04 1.356184184205075534e-04 -2.680547026916764853e-04 -2.770788475784509319e-05 -1.619233745798364220e-05 -1.708962531264537150e-05 -1.329647057733639657e-05 -1.583592324128863600e-05 -1.781084593187301279e-05 -1.004501785082022541e-04 -6.167606403193269364e-05 -2.447039180933072210e-05 1.586840036133187377e-05 2.590807181183621042e-04
-4.072613337607196938e-05 -2.183955202024348904e-07 -5.108876008555276755e-04 5.829187912711900021e-08 1.905270993543823649e-06 -2.036789631760054046e-07 2.100235908474009535e-07 -2.163106879011545647e-06 6.668941001120680785e-07 -3.030409282246927960e-09 2.937977139733837528e-07 2.383697855300028146e-05 1.127362320482924932e-06 6.465977953750695523e-08 6.205533121807669738e-08 7.976064088497459671e-08 2.341894298673202346e-07 3.032586735563742077e-07 -1.631299451647580333e-05 6.513190526003771817e-05 -4.108215615099772164e-05 -1.346049537234007850e-05 2.970193699219933703e-05 2.707121863982262872e-05 2.672777796161515866e-05 2.203003027920875744e-05 2.921869764177219896e-05 3.005497013950685564e-05 8.563212871931130167e-05 5.300526953335741659e-05 5.477315912051824027e-05 1.410109269641838040e-04 2.028958898266389687e-04
-3.814098368412084374e-05 -2.425798581956655069e-06 -8.598222931753928119e-04 -5.071799395583744517e-08 3.312963486485499149e-06 -2.902100693471268485e-07 5.456464108230022183e-07 9.539430539791443465e-07 -1.216103124506640893e-06 7.289032605655701614e-08 1.050804442618571994e-07 1.127362320482924932e-06 2.382403237037971003e-05 -1.469587742676878885e-07 -5.003827299610679054e-08 -7.072933326738661065e-08 1.233955512314576137e-08 -1.004731494352219134e-07 -2.040755932663072034e-06 9.475561746464592470e-05 -9.867809745745311108e-05 8.663363050623364430e-05 1.374902957767542749e-05 2.800666303326327470e-05 2.755683971579829416e-05 2.234041445892732166e-05 2.932588197804793904e-05 2.723339776465044925e-05 1.591275071939478205e-04 9.472389212965296932e-05 2.266678272287256610e-05 6.318541679793236867e-06 5.874325484283837706e-05
-2.867537313502412306e-06 -1.289819711214780400e-06 2.078450596268070858e-03 -8.016588158126293104e-07 -9.518202022829665927e-06 3.005936286815015323e-07 2.790294880710823432e-07 2.083304123675755051e-07 -5.397978389464833324e-08 -7.972589579805563443e-08 2.359926921280724491e-07 6.465977953750695523e-08 -1.469587742676878885e-07 1.319290525956008958e-05 1.098733568753691523e-07 7.953088176469986681e-08 2.359393125741182694e-07 -8.364387322813777247e-07 -6.311937228400553009e-06 4.201405347518958667e-04 1.829497675891579247e-05 -1.821008714676244241e-05 8.266468962237475586e-05 1.207076168874141180e-05 -3.017972650700338790e-05 -2.331017147499312887e-05 -3.158568276732506890e-05 -2.869779758659757692e-05 1.148743318403537371e-04 -5.389403856026335639e-05 -2.653752125435293390e-05 7.749362308263014001e-05 1.354087552396242592e-04
8.702405706329306132e-06 -1.617177326742875920e-06 -2.192937579658826202e-04 -6.214459026998218306e-08 -1.945304215888730552e-07 6.394200046830330540e-08 1.238652605155951435e-07 5.570877113720916235e-08 -1.494257321652749593e-07 -7.490531525232743491e-08 5.868675795967317527e-08 6.205533121807669738e-08 -5.003827299610679054e-08 1.098733568753691523e-07 8.461461447308826327e-06 -8.921141214453088902e-08 -4.151262124216307094e-08 2.515513198466694307e-07 -1.297344380505899980e-05 -3.478346311467636403e-05 -7.150762620143271276e-05 1.121250786150777330e-04 -5.854252454612329127e-06 2.291389471158000251e-06 1.741372130884076875e-05 -1.142811960351662965e-09 -1.009360028268475817e-08 1.110809895468558107e-06 4.368198914826338953e-05 2.739931656871633613e-04 9.691894360126823054e-06 -1.545903994281912826e-04 -1.335481197817727872e-04
-4.575797544274358071e-06 -4.634840708159731717e-06 2.738786156743497954e-04 -4.040323014444260984e-07 -1.822283485857457407e-06 -7.574967345140063116e-08 1.140337608973616235e-07 5.324653952697229254e-08 2.910008731185606728e-07 4.207665466237614077e-08 4.496719532914014954e-09 7.976064088497459671e-08 -7.072933326738661065e-08 7.953088176469986681e-08 -8.921141214453088902e-08 8.719809991487737096e-06 2.614734466594834395e-08 8.742034267489694744e-08 -3.239066212117393131e-06 -1.258106881514405720e-05 -3.091112651118248700e-05 3.590226388513999284e-05 8.983108802495628594e-06 -2.956390712408710292e-06 -5.828269118804622597e-06 4.208183837753925738e-06 -7.046994497967206045e-06 -7.402454071750730177e-06 1.851841817804018419e-05 1.540382506975294114e-05 2.678658515945521435e-04 -2.842986034091859540e-05 -3.042297533212317873e-05
2.216506529869674292e-05 -5.237242351162162356e-06 1.431404383433645998e-03 -1.920032500757279626e-06 -9.178548310073950629e-06 2.135503397751022893e-07 -3.430110163518791703e-07 2.845827881253822372e-07 1.052270250179291509e-07 5.156966588397857918e-08 -1.573122252080515098e-07 2.341894298673202346e-07 1.233955512314576137e-08 2.359393125741182694e-07 -4.151262124216306432e-08 2.614734466594834395e-08 2.324066912322013371e-05 1.615724923845908017e-06 -4.030806664598980752e-05 -3.925292756499156217e-04 4.510233920851594732e-05 -1.459176622167405557e-04 -2.669727809873660709e-05 -3.506554109506581832e-05 -3.490299825359741121e-05 -3.046788310060609127e-05 -6.999937236286849896e-06 -3.405585595699331153e-05 -4.857375150729931966e-05 -6.727350100671618011e-05 -9.127374551903897747e-05 9.772149347717523117e-04 -4.083955936408290217e-04
1.735834107368088984e-04 4.818462385747200729e-06 5.302699721037745263e-03 -3.592578576544748827e-06 -3.413650387080335727e-05 4.520934533081463238e-08 -1.575027485333378005e-06 1.756955591309043384e-07 1.120159382632169409e-06 3.191860542631948627e-07 1.432992105041502373e-07 3.032586735563742077e-07 -1.004731494352219134e-07 -8.364387322813777247e-07 2.515513198466694307e-07 8.742034267489694744e-08 1.615724923845908017e-06 1.043844444663397997e-04 -1.182696772627740901e-04 -1.247922263377572406e-03 2.270727063998554773e-04 -4.008864832815679595e-04 -7.077822836497529174e-05 -1.391576251084358220e-04 -1.383217361109417658e-04 -1.082322496584153907e-04 -1.467678203737893673e-04 -3.523343441244602422e-05 -2.862076884477345495e-04 -4.656131842005875382e-04 -5.283502164269335798e-04 -1.174222343287231480e-03 4.051546873394847384e-03
-1.362429516426240600e-03 -8.056666750877362762e-04 2.427657156683132034e-01 -1.761319081168535774e-04 -1.169538620568210015e-03 8.908747735292310202e-06 1.065842205242585031e-04 7.682109969751409445e-05 -1.075530736064046171e-05 2.024284055564178015e-05 -1.267734886420626688e-05 -1.631299451647580333e-05 -2.040755932663072034e-06 -6.311937228400553009e-06 -1.297344380505899980e-05 -3.239066212117393131e-06 -4.030806664598980752e-05 -1.182696772627740901e-04 2.390352575516928313e-02 1.286760632150054651e-01 -3.809478426514886079e-02 7.348171208761797302e-02 -1.582360098593299860e-02 -3.804836467527411125e-03 -3.574387364498497841e-03 -2.905920766556659499e-03 -3.927184203468312741e-03 -3.904153199605968523e-03 3.923362853194323034e-03 -1.086364066847147428e-03 -1.579502878477064983e-06 7.138568595602657121e-03 3.017895864355370911e-02
-7.818330143487622896e-03 1.975442007867549165e-04 -9.309754487838937942e-02 -1.829351181142317023e-04 -8.917959019347275560e-04 -1.124859924320081818e-03 3.915211710383708927e-04 7.425029929628302596e-04 1.568904129071414181e-04 6.354069778483642733e-05 -2.015505950457918759e-04 6.513190526003771817e-05 9.475561746464592470e-05 4.201405347518958667e-04 -3.478346311467636403e-05 -1.258106881514405720e-05 -3.925292756499156217e-04 -1.247922263377572406e-03 1.286760632150054651e-01 1.446185234198942515e+00 -3.259648192942444234e-01 7.399264393244959770e-01 1.605426574204929513e-01 6.127374923923512885e-03 6.238746564470868360e-03 5.228925805384084663e-03 5.735892763001474749e-03 5.547783236858882909e-03 1.298213961681161654e-01 1.178672965846950665e-01 9.893786658547464030e-02 2.274847052065460118e-01 3.993412251700195204e-01
2.643098856699659452e-02 6.239530074252822717e-03 7.333952470297556703e-01 2.145304351675408308e-04 -3.554927852831769007e-03 1.215302022064808992e-04 -9.377707119678214650e-05 -1.141942713722970411e-04 -1.078720303224588314e-04 -4.181450928533763300e-05 1.356184184205075534e-04 -4.108215615099772164e-05 -9.867809745745311108e-05 1.829497675891579247e-05 -7.150762620143271276e-05 -3.091112651118249377e-05 4.510233920851594732e-05 2.270727063998554773e-04 -3.809478426514886079e-02 -3.259648192942444234e-01 1.766306474435694884e-01 -3.030388639909985526e-01 -6.154873817848084336e-03 -1.565297370804438065e-02 -1.569426793642670487e-02 -1.251953749607600565e-02 -1.654682454877980796e-02 -1.635688523427978464e-02 -1.443585581294294373e-01 -1.260857873067013357e-01 -6.738024134086717520e-02 -4.727678373340961360e-02 -1.749114668359110641e-02
-1.528463970371501078e-02 -2.742045367440052589e-03 -9.620720656773684709e-01 -4.207815236772254733e-06 3.631708464049135474e-03 -4.741863758608669288e-04 9.641180814096100653e-05 1.445204559031528543e-04 1.501487730995817885e-04 2.222892235355765497e-04 -2.680547026916764853e-04 -1.346049537234009206e-05 8.663363050623364430e-05 -1.821008714676244241e-05 1.121250786150777330e-04 3.590226388513999284e-05 -1.459176622167405557e-04 -4.008864832815679595e-04 7.348171208761797302e-02 7.399264393244959770e-01 -3.030388639909985526e-01 6.335754656633205695e-01 7.716578487451439261e-02 1.859846325267723935e-02 1.801121029896628895e-02 1.443674397545576492e-02 1.865838468248963433e-02 1.863751133408519597e-02 1.666584325353270835e-01 1.380985162435434677e-01 6.166924887788088894e-02 1.524109466638182142e-03 -4.877379425506857269e-02
1.473685229650402266e-02 6.215429243651491090e-03 -1.449792457237957244e-01 4.403875783464194040e-04 -1.613288494798485219e-04 -1.373117082946123202e-04 -7.752849054372576399e-05 1.716116151285155552e-05 6.404145213859803812e-05 -2.888518958585188203e-05 -2.770788475784509319e-05 2.970193699219933703e-05 1.374902957767542749e-05 8.266468962237475586e-05 -5.854252454612329127e-06 8.983108802495628594e-06 -2.669727809873660709e-05 -7.077822836497529174e-05 -1.582360098593299860e-02 1.605426574204929513e-01 -6.154873817848084336e-03 7.716578487451439261e-02 1.488140472693878502e-01 2.733193998568520487e-03 2.114733890164454018e-03 1.964103549238014040e-03 2.446129820325698440e-03 2.577649441350179926e-03 -3.844499413572343826e-03 -3.226470918036119725e-03 -1.072697324442630157e-03 7.898815107534259278e-03 2.420723742536615587e-03
-8.075180636963299324e-03 -6.503665607270418250e-04 -6.598971165734074384e-01 2.457180037927304199e-04 3.271948009304528285e-03 -7.041429997336510425e-06 3.276188680541378659e-06 1.098841533866783048e-05 3.415399215573860500e-05 -1.093270107153467824e-06 -1.619233745798364220e-05 2.707121863982262872e-05 2.800666303326327470e-05 1.207076168874141180e-05 2.291389471158000251e-06 -2.956390712408710292e-06 -3.506554109506581832e-05 -1.391576251084358762e-04 -3.804836467527411125e-03 6.127374923923512885e-03 -1.565297370804438065e-02 1.859846325267723935e-02 2.733193998568520487e-03 1.366015127007781660e-02 1.202934904814611378e-02 9.659970191809743797e-03 1.283173070173395172e-02 1.251587977757489568e-02 3.000315015706169625e-02 4.732639697203013668e-02 3.374956260240640632e-02 4.239265256555221212e-02 3.037216300928004958e-02
-8.393980487380563529e-03 -6.356277090361355138e-04 -6.415359950416079649e-01 2.403637429494669510e-04 3.198673014876890919e-03 -1.109389502958402187e-05 -3.857967970357167870e-07 1.577993285866757364e-05 3.946111556346494620e-05 -3.404517583012199513e-06 -1.708962531264537150e-05 2.672777796161515866e-05 2.755683971579829416e-05 -3.017972650700338790e-05 1.741372130884076875e-05 -5.828269118804622597e-06 -3.490299825359741121e-05 -1.383217361109417658e-04 -3.574387364498497841e-03 6.238746564470868360e-03 -1.569426793642670487e-02 1.801121029896628895e-02 2.114733890164454018e-03 1.202934904814611378e-02 1.258963723378805216e-02 9.595024519620741141e-03 1.277687237406682254e-02 1.242999285833757718e-02 4.019332383901908640e-02 4.386668031667970841e-02 3.356176342459338269e-02 4.219580048865080590e-02 3.022033797692364257e-02
-6.885841153838241809e-03 -4.896750060422534658e-04 -5.100134791726547157e-01 1.972294731302208113e-04 2.558395501750661619e-03 -9.344351711885952959e-06 -5.083099440905437313e-07 1.252721352559766384e-05 3.436656854562471930e-05 -1.753081421247997527e-06 -1.329647057733639657e-05 2.203003027920875744e-05 2.234041445892732166e-05 -2.331017147499312887e-05 -1.142811960351662965e-09 4.208183837753925738e-06 -3.046788310060609127e-05 -1.082322496584153907e-04 -2.905920766556659499e-03 5.228925805384084663e-03 -1.251953749607600565e-02 1.443674397545576492e-02 1.964103549238014040e-03 9.659970191809743797e-03 9.595024519620741141e-03 8.517058223573667486e-03 1.026716053693438151e-02 1.000608422794944767e-02 3.204310781474772191e-02 3.780267032632173008e-02 2.273202153554929744e-02 3.371199990825820419e-02 2.446702836998526989e-02
-9.570144724372436212e-03 -6.921172089899069917e-04 -6.751830564397495182e-01 2.476618946662267223e-04 3.398440055649586469e-03 -1.341782675997625446e-05 6.040715760841761042e-07 1.518646826493728628e-05 4.380830854924624339e-05 -1.954324087480144327e-06 -1.583592324128863600e-05 2.921869764177219896e-05 2.932588197804793904e-05 -3.158568276732506890e-05 -1.009360028268475817e-08 -7.046994497967206045e-06 -6.999937236286849896e-06 -1.467678203737893673e-04 -3.927184203468312741e-03 5.735892763001474749e-03 -1.654682454877980796e-02 1.865838468248963433e-02 2.446129820325698440e-03 1.283173070173395172e-02 1.277687237406682254e-02 1.026716053693438151e-02 1.440240402974678549e-02 1.332930064469036412e-02 4.287788366379866739e-02 5.006139669148774313e-02 3.540158296339257493e-02 4.327453110204718123e-02 3.184833668774629534e-02
-8.966602362120117478e-03 -6.571766075886143876e-04 -6.627480615395154873e-01 2.456389768731210860e-04 3.313460118674939076e-03 -1.704074265092350783e-05 -5.501283626328698821e-07 1.381957523071658134e-05 4.142764600965936255e-05 -3.198921094532871450e-06 -1.781084593187301279e-05 3.005497013950685564e-05 2.723339776465044925e-05 -2.869779758659757692e-05 1.110809895468558107e-06 -7.402454071750730177e-06 -3.405585595699331153e-05 -3.523343441244602422e-05 -3.904153199605968523e-03 5.547783236858882909e-03 -1.635688523427978464e-02 1.863751133408519597e-02 2.577649441350179926e-03 1.251587977757489568e-02 1.242999285833757718e-02 1.000608422794944767e-02 1.332930064469036412e-02 1.378903799582943505e-02 4.208935972185116198e-02 4.908251051116519631e-02 3.447037120830283297e-02 4.325933935578718526e-02 3.284477758096935457e-02
-4.129723630952203406e-02 -9.749343394002619317e-03 -2.233317714416867439e+00 1.055087292836249786e-04 1.011101401348446158e-02 -1.836195553393459590e-05 2.238984156115397006e-05 9.932830527945770024e-05 1.445789563140431697e-04 -1.472212489972284505e-05 -1.004501785082022541e-04 8.563212871931128812e-05 1.591275071939478205e-04 1.148743318403537507e-04 4.368198914826339630e-05 1.851841817804018419e-05 -4.857375150729931966e-05 -2.862076884477345495e-04 3.923362853194323034e-03 1.298213961681161654e-01 -1.443585581294294373e-01 1.666584325353270835e-01 -3.844499413572343826e-03 3.000315015706169625e-02 4.019332383901908640e-02 3.204310781474772191e-02 4.287788366379866739e-02 4.208935972185116198e-02 4.991607583505537349e-01 2.672150165330902105e-01 1.739230203117518581e-01 2.113142420831572443e-01 1.756366043262499455e-01
-3.489177211727940292e-02 -8.000543792344973204e-03 -2.819609845527251579e+00 3.294684967119546862e-04 1.231534668462242257e-02 9.705105130659739799e-06 4.823112360947326286e-05 -3.076570713711058015e-05 3.487052139029936685e-05 2.605561415970825109e-06 -6.167606403193269364e-05 5.300526953335741659e-05 9.472389212965296932e-05 -5.389403856026335639e-05 2.739931656871633613e-04 1.540382506975294114e-05 -6.727350100671618011e-05 -4.656131842005875382e-04 -1.086364066847147212e-03 1.178672965846950665e-01 -1.260857873067013357e-01 1.380985162435434677e-01 -3.226470918036119725e-03 4.732639697203013668e-02 4.386668031667970841e-02 3.780267032632173008e-02 5.006139669148774313e-02 4.908251051116519631e-02 2.672150165330902105e-01 4.475371302336213497e-01 1.977316019292056359e-01 2.544266072919202926e-01 2.251329138065630009e-01
-2.265355323961053963e-02 -5.333458168727591049e-03 -2.031948795557562804e+00 3.231071446648304027e-04 8.985721587905302898e-03 -5.414977518412285461e-06 9.028568843202970607e-05 -5.112745217938607754e-05 -1.084832621504439016e-04 -5.566709710049325550e-05 -2.447039180933072210e-05 5.477315912051824027e-05 2.266678272287256610e-05 -2.653752125435293390e-05 9.691894360126823054e-06 2.678658515945521435e-04 -9.127374551903897747e-05 -5.283502164269335798e-04 -1.579502878477064983e-06 9.893786658547464030e-02 -6.738024134086717520e-02 6.166924887788088894e-02 -1.072697324442630157e-03 3.374956260240640632e-02 3.356176342459338269e-02 2.273202153554929744e-02 3.540158296339257493e-02 3.447037120830283297e-02 1.739230203117518581e-01 1.977316019292056359e-01 3.907791416590121747e-01 2.516537556460909375e-01 2.401574388517686287e-01
-2.980935501701847262e-02 -6.947817619460595027e-03 -2.555834453184129273e+00 3.498710065748779829e-04 1.134940095803364107e-02 4.524010962133251292e-05 2.787237025312084269e-04 2.653473080801492406e-05 -3.651601068578566090e-04 -7.981526966602607543e-05 1.586840036133188394e-05 1.410109269641838040e-04 6.318541679793236867e-06 7.749362308263014001e-05 -1.545903994281912826e-04 -2.842986034091858863e-05 9.772149347717523117e-04 -1.174222343287231480e-03 7.138568595602657121e-03 2.274847052065460118e-01 -4.727678373340961360e-02 1.524109466638182142e-03 7.898815107534259278e-03 4.239265256555221212e-02 4.219580048865080590e-02 3.371199990825820419e-02 4.327453110204718123e-02 4.325933935578718526e-02 2.113142420831572443e-01 2.544266072919202926e-01 2.516537556460909375e-01 1.358039104244486373e+00 6.056099471458149530e-01
-1.640021205512263644e-02 -6.544915440147616378e-03 -2.107590594154348462e+00 -2.160264675656916710e-04 8.045099115066687082e-03 6.879662089269756339e-05 3.905564080707139038e-04 3.675454921285390840e-04 -7.307941460368767069e-04 -2.085274520803117617e-04 2.590807181183621042e-04 2.028958898266389687e-04 5.874325484283837706e-05 1.354087552396242592e-04 -1.335481197817727872e-04 -3.042297533212317873e-05 -4.083955936408290217e-04 4.051546873394847384e-03 3.017895864355370911e-02 3.993412251700195204e-01 -1.749114668359110641e-02 -4.877379425506856575e-02 2.420723742536615587e-03 3.037216300928004958e-02 3.022033797692364257e-02 2.446702836998526989e-02 3.184833668774629534e-02 3.284477758096935457e-02 1.756366043262499455e-01 2.251329138065630009e-01 2.401574388517686287e-01 6.056099471458149530e-01 4.619266171889457873e+00
