# logA ns H0 omegabh2 omegach2 DES_DZ_S1 DES_DZ_S2 DES_DZ_S3 DES_DZ_S4 DES_M1 DES_M2 DES_M3 DES_M4 DES_A1_1 DES_A1_2
1.085697817304737654e-02 7.729262739229289417e-05 -6.277760755586563046e-02 -1.156713226379159650e-07 -7.069991582982227676e-04 -2.557278435984079358e-06 9.743681938726445001e-06 2.901596720963961877e-06 6.279352593643957486e-07 -1.217972855297411188e-06 -1.158199750023318183e-07 2.671616650706066350e-06 -8.191591836206875180e-06 -1.939762882626927748e-03 6.738145643016710479e-04
7.729262739229289417e-05 5.217150591459376744e-04 -3.332958432219213125e-03 -3.197817048602876722e-08 -2.680995870310744081e-05 -2.362250065430998995e-06 1.007590014924692828e-06 1.227030238716567281e-06 3.608486657105844004e-06 4.029389379632448508e-07 5.859991498713792845e-07 6.183626082727019104e-07 -1.061998563120378981e-06 3.976871087696922844e-04 5.050923932812910596e-04
-6.277760755586563046e-02 -3.332958432219213125e-03 1.281292546473316696e+00 2.018715611775249194e-04 6.719396524311406667e-03 5.293623907481433057e-05 -1.011266091317285443e-04 -1.507905149198220432e-04 -1.644606205431103669e-04 5.287585680852218030e-05 2.182156636094369841e-05 -1.568989750001385558e-04 8.999522754067682312e-06 6.735787208044305419e-02 -6.042792015140639045e-02
-1.156713226379159650e-07 -3.197817048602876722e-08 2.018715611775249194e-04 2.795092421053454308e-07 4.491615198834772655e-07 -2.347934775797684892e-08 1.994045519718893726e-08 -1.623379378160266815e-08 -2.295432190331224622e-08 5.055186482880249333e-09 1.459736945120229653e-08 -4.012670114463170944e-08 1.045705705419115518e-08 -2.798390216651818795e-06 9.881421088907063661e-07
-7.069991582982227676e-04 -2.680995870310744081e-05 6.719396524311406667e-03 4.491615198834772655e-07 6.265282638807017973e-05 8.208605699884515092e-07 -1.205917368029247911e-06 -2.237359116172026768e-06 -1.345732811345362014e-06 1.355920849662819789e-07 1.408628625631054762e-07 -1.839895660922870015e-06 -3.840836025226849460e-07 7.628326844904808604e-04 -8.327017494687503343e-04
-2.557278435984079358e-06 -2.362250065430998995e-06 5.293623907481433057e-05 -2.347934775797684892e-08 8.208605699884515092e-07 2.408005153963521682e-05 2.439066705793673155e-07 1.019078119097463843e-07 -1.652721501233875151e-07 -3.236811619266268600e-07 1.838638206320738987e-07 4.967313816217898485e-08 3.218250634832523623e-07 1.343936137041729692e-04 -1.141252722607462517e-03
9.743681938726445001e-06 1.007590014924692616e-06 -1.011266091317285443e-04 1.994045519718893726e-08 -1.205917368029247911e-06 2.439066705793673155e-07 2.405338720647110483e-05 3.646773029496561908e-07 3.558666490025260146e-08 1.835181558283153677e-07 -2.583234838210279586e-07 -1.390479551587547375e-07 1.863307979472521460e-07 1.655803171401184983e-04 2.227901372491198652e-04
2.901596720963962301e-06 1.227030238716567281e-06 -1.507905149198220432e-04 -1.623379378160266815e-08 -2.237359116172026768e-06 1.019078119097463843e-07 3.646773029496561908e-07 2.404522816514487331e-05 1.101980681370090751e-07 -3.513153211772877208e-07 -3.248227272878839187e-08 -3.066814640325449719e-07 3.595346677960422316e-07 -1.098591900369028058e-04 2.886541438194777077e-04
6.279352593643957486e-07 3.608486657105844004e-06 -1.644606205431103669e-04 -2.295432190331224622e-08 -1.345732811345362014e-06 -1.652721501233875151e-07 3.558666490025255513e-08 1.101980681370090751e-07 2.475640477510277041e-05 -2.159419646503170005e-07 3.938213834803084871e-08 3.540206779227400742e-07 -6.219608835187044669e-07 -3.379419352075439565e-05 -3.167642514643905616e-05
-1.217972855297411188e-06 4.029389379632448508e-07 5.287585680852218030e-05 5.055186482880249333e-09 1.355920849662819789e-07 -3.236811619266268600e-07 1.835181558283153942e-07 -3.513153211772877208e-07 -2.159419646503170005e-07 2.490778786120622425e-05 -6.930980868556903365e-08 -3.226029796324850573e-08 2.797615601527519888e-08 9.117015892892465004e-06 -3.589876676858511713e-04
-1.158199750023318183e-07 5.859991498713792845e-07 2.182156636094369841e-05 1.459736945120229653e-08 1.408628625631054762e-07 1.838638206320738987e-07 -2.583234838210279057e-07 -3.248227272878839187e-08 3.938213834803084871e-08 -6.930980868556903365e-08 2.461806946529885643e-05 3.177166843267944735e-07 1.353440790009073505e-07 5.568369353267099833e-05 -4.637970890694286360e-05
2.671616650706066350e-06 6.183626082727019104e-07 -1.568989750001385558e-04 -4.012670114463170944e-08 -1.839895660922870015e-06 4.967313816217898485e-08 -1.390479551587547375e-07 -3.066814640325449719e-07 3.540206779227400742e-07 -3.226029796324850573e-08 3.177166843267944735e-07 2.500349314363605545e-05 6.233930353078617185e-07 -8.545213446673872277e-05 1.311890034601663241e-04
-8.191591836206875180e-06 -1.061998563120378981e-06 8.999522754067682312e-06 1.045705705419115518e-08 -3.840836025226849460e-07 3.218250634832523623e-07 1.863307979472521460e-07 3.595346677960422316e-07 -6.219608835187044669e-07 2.797615601527519888e-08 1.353440790009073505e-07 6.233930353078617185e-07 2.464334622179930166e-05 -9.718217725645469815e-06 9.821170287226475674e-05
-1.939762882626927748e-03 3.976871087696922844e-04 6.735787208044305419e-02 -2.798390216651818795e-06 7.628326844904808604e-04 1.343936137041729692e-04 1.655803171401184983e-04 -1.098591900369028058e-04 -3.379419352075439565e-05 9.117015892892465004e-06 5.568369353267099833e-05 -8.545213446673872277e-05 -9.718217725645469815e-06 2.628153881897562494e-01 6.925833499753977218e-01
6.738145643016710479e-04 5.050923932812910596e-04 -6.042792015140641126e-02 9.881421088907063661e-07 -8.327017494687503343e-04 -1.141252722607462517e-03 2.227901372491198652e-04 2.886541438194777077e-04 -3.167642514643905616e-05 -3.589876676858511713e-04 -4.637970890694286360e-05 1.311890034601663241e-04 9.821170287226475674e-05 6.925833499753977218e-01 6.803913555869650409e+00
