# logA ns theta_MC_100 omegabh2 omegach2 tau omegam_growth DES_DZ_S1 DES_DZ_S2 DES_DZ_S3 DES_DZ_S4 DES_M1 DES_M2 DES_M3 DES_M4 A_planck calib_100T calib_217T A_cib_217 xi_sz_cib A_sz ksz_norm gal545_A_100 gal545_A_143 gal545_A_143_217 gal545_A_217 ps_A_100_100 ps_A_143_143 ps_A_143_217 ps_A_217_217 galf_TE_A_100 galf_TE_A_100_143 galf_TE_A_100_217 galf_TE_A_143 galf_TE_A_143_217 galf_TE_A_217 DES_A1_1 DES_A1_2 DES_A2_1 DES_A2_2 DES_BTA_1
5.570797680469807616e-04 2.760546500162761258e-04 4.901620798236132689e-05 6.840982988979651132e-06 2.094477922008662626e-05 1.188186053041293563e-04 -2.167626898560202995e-04 3.485597131647595227e-06 1.202146170681606650e-06 -7.335517354366155787e-06 -5.438682737872934019e-06 -1.236282725406866282e-07 2.042988329701962970e-06 -5.224409965966397624e-06 -5.173135423165564375e-06 8.559283370312993888e-06 3.927056733118328513e-07 -2.151623285192547580e-08 -5.632629179042295854e-03 -2.229226501346150594e-05 -1.148990757884492267e-03 4.270225607100878356e-04 3.220001297132687925e-04 3.151632542004582948e-04 1.167231092016617517e-04 1.870745409593655697e-03 -3.302843994674516115e-02 -5.170470157588658196e-03 -1.501932857509093340e-02 -8.986931943829943106e-03 1.824977148658025385e-06 1.796225085044513378e-06 -1.227520708501816376e-05 1.824702425977705190e-05 -7.004289604831297604e-06 -5.029526781169583972e-06 2.097661782021394486e-03 6.383243725807241815e-03 4.339029554751241795e-03 -6.264154533080315210e-03 9.228923422537076062e-04
2.760546500162761258e-04 2.704688511562724162e-04 4.023090905725826099e-05 6.240725327592654019e-06 1.239341971900576984e-05 1.558104987421026307e-05 -5.243136628625919704e-05 -1.804623269511558053e-07 -1.702016861514754454e-06 -1.719716490108185506e-06 -2.268600042324946950e-06 -4.288919461853723029e-07 1.955154906344085155e-06 -1.329211432061900621e-06 -1.537039478036107020e-06 -1.607670957189915665e-06 2.298527574551272458e-07 5.436463644169522396e-08 -3.706131828939808383e-03 1.446385059531557923e-05 -5.838618012527865310e-04 2.329466637855197840e-04 1.269035727289270646e-03 5.983905907246325892e-04 3.488088958053049736e-04 3.419374849287084650e-04 -2.606598739947839707e-02 -7.160871794585047141e-03 -2.147157920277144999e-02 -9.375083328981225275e-03 1.081246032069985915e-06 8.440308915605980864e-07 -3.830867120860202807e-06 -2.739338291799696364e-06 -1.197461295182682629e-06 4.956939224664562476e-06 6.895271011524254116e-04 3.217621632752448030e-03 3.528770404489464576e-03 -3.329667337771210003e-03 1.134531293930619899e-03
4.901620798236132689e-05 4.023090905725826099e-05 9.790430585345590063e-06 1.286648670916942854e-06 4.214807197757120853e-06 8.757767949658224772e-07 -1.832515494228773766e-05 1.548278167419661163e-07 -1.174765406809071804e-07 -5.461859376697325147e-07 -8.916976282429271921e-07 -2.104747409682568817e-07 2.776237719424665494e-07 -5.036747753146505249e-07 -4.487700585434286645e-07 -1.405555315959451683e-07 3.156547717659369207e-08 4.941318495446867854e-09 -6.839118510519663586e-04 1.293231996016362964e-06 -5.211250215214101884e-06 -2.100643616851635898e-05 1.749715124325011109e-04 7.862498571489044664e-05 7.514961726855562732e-05 9.305348232063947393e-05 8.322077935148384717e-03 6.737379565672138842e-04 -1.665123217517116205e-03 -8.422240830941482397e-04 1.884413795851702613e-07 -4.474763791130171986e-07 -1.020960461873046053e-06 1.505328071287680643e-06 -1.571249536340242337e-06 8.738766972037182761e-07 1.977538437838382126e-04 7.578806649050262752e-04 6.147142508230223285e-04 -7.096109635804473707e-04 1.748643740413155241e-04
6.840982988979651132e-06 6.240725327592654019e-06 1.286648670916942854e-06 2.173510667801451904e-07 3.948067094234220289e-07 3.829467439918460032e-07 -6.890431785492475249e-07 -2.868554260540042004e-08 -2.775206146949433740e-08 -1.466350057855263553e-08 -1.021784901287517551e-07 -2.660586650928348005e-08 3.440535690505209392e-08 -1.263991811217874201e-08 -2.391133616698706903e-08 -3.391053756472098830e-08 1.101169941051257032e-08 -7.983095169859169460e-10 -1.294233859293783095e-04 5.239951752793728015e-07 -5.742006785915942235e-06 6.189438563240185300e-06 2.163628338193261590e-05 1.452648668889140366e-05 1.660819357768561003e-05 9.385406432053670971e-06 5.346849170793200419e-04 7.524674194840767782e-05 -4.167972250501434522e-05 -2.276182080611352033e-04 -4.488374335653623083e-09 -1.121941598628571238e-07 -3.007945914397160977e-07 2.467406473755980883e-08 3.363012608333995997e-09 3.863310970801458883e-07 4.589142804204784275e-06 5.644955902475245444e-05 8.450810420825386751e-05 -6.503019886337970811e-05 3.048214625351452497e-05
2.094477922008662626e-05 1.239341971900576984e-05 4.214807197757120853e-06 3.948067094234220289e-07 4.546679011005186607e-06 -3.712823457716479034e-06 -3.657984129002470844e-05 4.350260267534535237e-07 -9.573624297442885533e-08 -1.026292288034757575e-06 -6.977221467115801824e-07 -1.115760590315202879e-07 1.619253186244565690e-07 -9.050258736254684608e-07 -7.561631502409959159e-07 -2.647992418617495508e-07 6.826382686983665987e-09 3.695812377190726447e-09 -6.067134907133590562e-05 -1.502605003473830295e-06 -3.411232849258961024e-05 -3.071209521897589934e-05 5.994699548802498516e-06 -1.168609335135906736e-05 -6.454714269851491426e-05 1.435789849277959582e-05 7.305448242515418314e-03 2.084011670437057196e-03 5.368605525804102550e-04 1.975931984500988326e-03 6.759998670048384761e-07 -2.753812941453837330e-07 7.985830813155650899e-07 3.538336818031195386e-06 -6.547166901044441777e-07 -7.347923645701514059e-07 3.963583735901856720e-04 9.519376202136600826e-04 2.569790126360184867e-04 -7.589709702618999913e-04 2.500979590674372373e-05
1.188186053041293563e-04 1.558104987421026307e-05 8.757767949658224772e-07 3.829467439918460032e-07 -3.712823457716479034e-06 6.337173716410319721e-05 -9.367051254601327384e-06 3.997036397607992536e-07 1.263536468393749191e-06 -6.314556070848792827e-07 -1.048194635258941489e-07 2.272159489245401523e-07 -9.572106245497431169e-08 1.250518548856120688e-07 -1.843521125966845425e-07 -4.427483812644693295e-07 -2.116797141344802993e-08 -2.050367572769843764e-08 -7.234915896682124134e-04 -1.612862950356737149e-05 -8.085379976850991550e-05 8.837627472554458209e-05 -1.117896848807037919e-05 1.401302115886219506e-04 1.447894922131732001e-04 -9.166794037235771622e-05 -1.205738083217035121e-02 4.322746083004959383e-03 -6.507169569072500208e-03 -2.893426361909666022e-03 -1.319188209112066175e-06 7.600951286978295153e-07 -6.060680052334447897e-06 2.093916596800067974e-06 3.271067536710580370e-07 -2.189998543514303693e-05 -1.397360693132207498e-04 -2.932580628652552276e-04 2.544102851603431453e-04 -1.926323420960317136e-04 4.802717414630833513e-05
-2.167626898560202995e-04 -5.243136628625919704e-05 -1.832515494228773766e-05 -6.890431785492475249e-07 -3.657984129002470844e-05 -9.367051254601327384e-06 1.770093084102312714e-03 2.978667629283366990e-06 2.229808012298550813e-06 -2.338111615035850668e-06 -3.880293551676304924e-06 -2.299751232876933798e-07 -1.331093531639773290e-06 -2.842541690941312086e-06 -1.962196015140701998e-06 8.022613786358571592e-07 -5.422434852849561435e-08 -2.463329187876863778e-08 -5.866601754010668940e-03 -2.039780844193905566e-05 7.187684508854391740e-04 2.241774043796533437e-03 2.496605283845814414e-04 9.332449484286562064e-04 2.225912166658413661e-03 2.863623412262423888e-03 -6.694404142305282468e-02 -3.153819964852071916e-02 -7.175563359256015815e-03 1.130761848388078458e-02 -1.886392814603140476e-05 -5.865046788129626813e-07 -1.607942370637693302e-05 -2.007609041043155449e-05 -2.522165504983675522e-05 -6.324359200158325724e-05 -5.193988889528197705e-03 -2.106813312058578545e-03 1.770223827008251399e-02 -2.712200977730129612e-03 -1.180938704464352821e-03
3.485597131647595227e-06 -1.804623269511558053e-07 1.548278167419661163e-07 -2.868554260540042004e-08 4.350260267534535237e-07 3.997036397607992536e-07 2.978667629283366990e-06 2.340817198562325627e-05 4.194199923762503448e-07 -2.277067755353103369e-07 2.407930609604219228e-07 -1.309123712751712496e-07 3.194061636179193004e-07 -1.616242240849800467e-07 -1.604645899518387087e-07 1.985843446923370739e-07 1.998514873574471696e-08 -1.406735205955841780e-08 -4.124937599428320743e-04 -2.702629081582496196e-06 -8.382067150253836869e-05 1.312033036895588899e-05 3.601212012079853486e-05 -3.181664202277868564e-05 -8.557398123793259737e-05 5.564168936784360972e-06 4.896031530346945521e-03 -2.948500413905960453e-03 -5.171079990387733930e-03 -3.230267209606653422e-03 1.872758018173603061e-06 4.288008008626913755e-07 -3.608608415535234811e-07 1.353094622886323615e-06 2.943177018142882180e-07 2.991438178031670628e-05 -3.223277394233542978e-05 -1.236526903399989960e-03 1.487814307481533842e-04 -3.966084774009136769e-04 -2.423066083869065412e-05
1.202146170681606650e-06 -1.702016861514754454e-06 -1.174765406809071804e-07 -2.775206146949433740e-08 -9.573624297442885533e-08 1.263536468393749191e-06 2.229808012298550813e-06 4.194199923762503448e-07 2.265288884719035485e-05 2.811743267740705268e-07 5.429212248330310031e-07 1.609270327299963991e-07 -8.685913005960454665e-07 1.818831171788077973e-07 3.020843440326856225e-07 6.766002305145135119e-08 -4.327914766518123077e-08 8.916403796754699052e-09 5.111684543606530875e-05 -1.101501522799440806e-05 6.437296166852737585e-05 -3.943162941020408001e-05 4.309886400702290924e-05 -4.212696891711062316e-05 -5.131587365871930905e-05 2.097948734169575102e-04 4.879546480429712736e-03 1.208856816736067355e-03 -9.371136260691333283e-04 -2.894939785710093794e-03 -6.502951631448460979e-07 1.628715641217009370e-07 -2.665718119628973132e-06 1.642995424727564143e-06 1.821565694261695616e-06 -4.031915085935073419e-06 2.701063248950148548e-04 9.675366648476852209e-04 -2.880748385230242229e-05 8.400942975038966777e-05 -6.429602489024085143e-05
-7.335517354366155787e-06 -1.719716490108185506e-06 -5.461859376697325147e-07 -1.466350057855263553e-08 -1.026292288034757575e-06 -6.314556070848792827e-07 -2.338111615035850668e-06 -2.277067755353103369e-07 2.811743267740705268e-07 2.296173725465181105e-05 9.676243484213479382e-07 -2.178200184798855237e-07 2.976899964993554093e-07 -1.100845387339669433e-06 4.330273172384832534e-07 -4.476453488287657034e-08 -1.850290271861471111e-08 4.428795125453472764e-09 -2.914972431201241754e-04 -2.033278255869511166e-06 -2.549648987500909245e-05 3.023658274144402767e-05 -4.607318481966966395e-05 -1.358353448091281456e-05 -1.035087021895963882e-05 -1.734833071133019041e-04 -5.292583926792080590e-04 2.062042711933425828e-04 -5.426419651213747891e-03 -4.970795521781998759e-03 2.351001509103144039e-07 -1.979423805195629788e-06 3.580062576358225180e-07 -1.278602241029641604e-06 -4.287091740359698578e-06 -4.298353091110048796e-05 -1.254113268261975030e-04 -1.896070753799728825e-04 -3.214020604144010855e-05 -3.836440171440867974e-05 2.944720517712042218e-05
-5.438682737872934019e-06 -2.268600042324946950e-06 -8.916976282429271921e-07 -1.021784901287517551e-07 -6.977221467115801824e-07 -1.048194635258941489e-07 -3.880293551676304924e-06 2.407930609604219228e-07 5.429212248330310031e-07 9.676243484213479382e-07 2.415216952635119380e-05 -1.162832654370799773e-07 2.477742382556478533e-07 5.070216585713927319e-07 -1.095456528864087104e-06 -1.469823339954726150e-07 -1.949243842536643074e-08 -8.315860428796749495e-09 -7.621297695452216615e-04 9.888833720073529669e-06 1.333359465659876230e-05 -7.678578375085656359e-05 -1.508339093558282232e-06 5.150366942834017015e-06 2.257152489678556663e-04 4.883915100248063714e-04 -2.093004793284643575e-03 7.323511100244949057e-03 -3.181710447238304904e-03 -5.429266269268930370e-03 -9.689990819321615680e-07 -5.484241339305859652e-07 1.766738748704309075e-06 -2.143075858666300846e-06 5.720746442789501452e-06 1.804538623683443047e-05 -2.656396843872967418e-05 4.273486885152080788e-05 -1.396383944366969075e-04 9.257681818909140503e-05 3.296815874371581112e-05
-1.236282725406866282e-07 -4.288919461853723029e-07 -2.104747409682568817e-07 -2.660586650928348005e-08 -1.115760590315202879e-07 2.272159489245401523e-07 -2.299751232876933798e-07 -1.309123712751712496e-07 1.609270327299963991e-07 -2.178200184798855237e-07 -1.162832654370799773e-07 2.510154206864244385e-05 1.446875143868236571e-07 4.528951059045555671e-08 1.947899582747326937e-08 1.019921555070205128e-07 -9.162586808312352564e-09 8.886176325496585973e-09 6.367866726352706952e-04 1.130682870218596697e-08 3.044484261153562464e-05 1.079447133761330802e-05 -9.904405683811246609e-06 -8.096662240897661961e-06 1.736178305410589564e-04 2.362517254508190035e-04 1.730572041415880591e-03 -8.308075929882408972e-04 4.401759625211065091e-03 -6.007683247327260875e-03 -6.598422618646008413e-07 -7.284310700366506215e-08 4.395259935457024475e-07 4.401007954724320991e-07 1.777802096941285404e-06 -2.071313357345466491e-05 -1.647096310915756025e-05 -1.967709411469021935e-04 -6.512449378388095286e-05 2.269133658590575143e-04 -3.689260890290081625e-05
2.042988329701962970e-06 1.955154906344085155e-06 2.776237719424665494e-07 3.440535690505209392e-08 1.619253186244565690e-07 -9.572106245497431169e-08 -1.331093531639773290e-06 3.194061636179193004e-07 -8.685913005960454665e-07 2.976899964993554093e-07 2.477742382556478533e-07 1.446875143868236571e-07 2.435486832679137784e-05 3.054867672065609911e-07 1.323435140142049222e-07 2.642027068207116423e-08 8.449890143484239650e-11 8.494036300888279299e-09 -8.232893831415773276e-04 -2.870316851846605726e-06 -2.597340857024281360e-05 5.501523602164299948e-05 1.975964340096626509e-05 -1.651047893626839380e-05 1.177061292558104422e-04 2.691013348117463045e-04 4.738284663877719884e-03 1.065063698576568761e-03 9.768367615509013571e-04 1.116542086425108271e-03 1.398777482395753176e-06 6.060938681258776706e-07 -7.944350066374558219e-07 -1.989524241098267597e-06 -3.828866844076905079e-07 3.248147417250282810e-07 5.371714139660300450e-05 3.566271344142576776e-05 1.732563161265546713e-04 -3.112630370810003707e-04 -5.778107247484193178e-05
-5.224409965966397624e-06 -1.329211432061900621e-06 -5.036747753146505249e-07 -1.263991811217874201e-08 -9.050258736254684608e-07 1.250518548856120688e-07 -2.842541690941312086e-06 -1.616242240849800467e-07 1.818831171788077973e-07 -1.100845387339669433e-06 5.070216585713927319e-07 4.528951059045555671e-08 3.054867672065609911e-07 2.406868566618830383e-05 5.994588028954989989e-07 -1.746234869931908422e-07 2.537072171677028204e-09 1.584304429739739950e-08 -3.157792490868874822e-04 5.986700094473130922e-06 1.254769570968838934e-05 -1.578326070241469473e-05 -2.894186765303930330e-05 -3.693622575232830311e-05 -8.116517615740913457e-05 -3.162573246978400850e-04 5.321813537037231416e-03 4.227915180553821518e-03 1.834442597512601176e-03 6.985729309689859895e-04 2.393646106789686282e-07 8.514214746084193026e-07 1.242976579166840776e-06 -1.581102890084376596e-07 -2.819740180870390874e-07 -7.695862593965247005e-06 -6.969957557038232801e-05 -1.167033980894290534e-04 -8.257811647332198904e-05 2.478612139712483504e-05 2.917343132876954573e-05
-5.173135423165564375e-06 -1.537039478036107020e-06 -4.487700585434286645e-07 -2.391133616698706903e-08 -7.561631502409959159e-07 -1.843521125966845425e-07 -1.962196015140701998e-06 -1.604645899518387087e-07 3.020843440326856225e-07 4.330273172384832534e-07 -1.095456528864087104e-06 1.947899582747326937e-08 1.323435140142049222e-07 5.994588028954989989e-07 2.412974533833433440e-05 -1.057039665402365158e-07 1.159084631647994582e-08 3.082274494502157949e-10 -9.044317354291069640e-04 -5.359227114711354541e-06 -1.014686845118943151e-05 -4.078874208980700834e-09 2.791210818513265924e-05 -5.127484268722332984e-05 -9.304488216053559131e-05 -1.970967252748257229e-04 -1.106054850248835942e-03 -2.859178966071172258e-03 -2.136639232402824055e-03 4.173258715323328351e-03 8.368358737236675541e-07 9.042792994584702872e-07 -3.527735575465557364e-06 -1.780066141865300280e-06 -2.051974898494457816e-06 7.172668707324857510e-06 2.279450109990473019e-05 2.656516875488912962e-04 -1.256107716268284715e-04 1.517066010169031164e-04 3.245890227811534069e-05
8.559283370312993888e-06 -1.607670957189915665e-06 -1.405555315959451683e-07 -3.391053756472098830e-08 -2.647992418617495508e-07 -4.427483812644693295e-07 8.022613786358571592e-07 1.985843446923370739e-07 6.766002305145135119e-08 -4.476453488287657034e-08 -1.469823339954726150e-07 1.019921555070205128e-07 2.642027068207116423e-08 -1.746234869931908422e-07 -1.057039665402365158e-07 5.939014852908078929e-06 -3.303608322492586241e-09 -1.841666128177185260e-08 1.066856613296121711e-03 7.803226054895950748e-06 -2.158286077145540278e-05 3.877493564526718128e-05 -1.578219203663605290e-05 -1.437888717133734510e-05 1.709303070993748588e-05 5.902855095848313265e-04 7.755692021134708578e-04 -1.477778906971304604e-03 2.046362533697834111e-03 -3.561479165602727918e-03 -7.208151919716027915e-07 -5.603525578398367136e-09 -3.520224081111999659e-07 -6.576595267110997254e-07 -1.067152820489239543e-06 7.527134142072881124e-06 2.545530207059143666e-05 7.967147050286800655e-05 2.995090510040387897e-05 -9.339878093533533537e-06 -3.027279823373053280e-05
3.927056733118328513e-07 2.298527574551272458e-07 3.156547717659369207e-08 1.101169941051257032e-08 6.826382686983665987e-09 -2.116797141344802993e-08 -5.422434852849561435e-08 1.998514873574471696e-08 -4.327914766518123077e-08 -1.850290271861471111e-08 -1.949243842536643074e-08 -9.162586808312352564e-09 8.449890143484239650e-11 2.537072171677028204e-09 1.159084631647994582e-08 -3.303608322492586241e-09 4.348126389643770811e-07 -1.298168721608161286e-09 -2.432976230167155135e-04 -5.930324332535691547e-08 4.899536929598405946e-05 -3.056480706929842338e-05 1.019212997155629849e-04 -1.089958124216339501e-04 -5.838736173401986261e-05 4.882885553023642427e-05 3.792184718811980083e-03 -3.571054881698842130e-03 -2.881566831553504016e-04 2.183263113694562023e-05 1.819986251329436577e-08 -2.308917669096492478e-07 -8.928333588245471739e-08 -4.251587351092932374e-07 -3.139843983888646491e-07 5.293351871822151155e-07 1.592892586827727613e-06 1.195808494751872683e-05 3.572881070577171498e-06 -1.582778996155059916e-06 2.648583766402228120e-06
-2.151623285192547580e-08 5.436463644169522396e-08 4.941318495446867854e-09 -7.983095169859169460e-10 3.695812377190726447e-09 -2.050367572769843764e-08 -2.463329187876863778e-08 -1.406735205955841780e-08 8.916403796754699052e-09 4.428795125453472764e-09 -8.315860428796749495e-09 8.886176325496585973e-09 8.494036300888279299e-09 1.584304429739739950e-08 3.082274494502157949e-10 -1.841666128177185260e-08 -1.298168721608161286e-09 4.147831319436640421e-07 6.628711935281002190e-04 -1.869342218919809682e-07 -1.630221304437830932e-05 1.603188246765360769e-05 -1.236083572006043185e-06 -2.426750966633784361e-05 2.475416683869643129e-04 4.727403012999899256e-04 8.286182810207355859e-06 -1.910552684357256885e-03 1.420668132065939062e-03 4.416312748866488917e-06 -1.477700836976747168e-07 1.282866380839534055e-07 -6.827607949562832855e-07 2.975354283525598234e-07 -1.118692150332860322e-07 5.143845522420952242e-07 -2.250000608495621992e-06 -1.500070208121108192e-05 -9.184777108951666608e-07 3.032663514141191592e-08 2.431285737979293280e-07
-5.632629179042295854e-03 -3.706131828939808383e-03 -6.839118510519663586e-04 -1.294233859293783095e-04 -6.067134907133590562e-05 -7.234915896682124134e-04 -5.866601754010668940e-03 -4.124937599428320743e-04 5.111684543606530875e-05 -2.914972431201241754e-04 -7.621297695452216615e-04 6.367866726352706952e-04 -8.232893831415773276e-04 -3.157792490868874822e-04 -9.044317354291069640e-04 1.066856613296121711e-03 -2.432976230167155135e-04 6.628711935281002190e-04 4.626939077094910999e+02 -1.498239600892094237e-01 -6.007624941793577866e-01 3.210888148526943597e-01 -2.527212233567624478e-01 -2.298050875885953876e-03 -2.087467259188919044e+01 -6.469092232006364895e+01 6.248413660087232557e+01 -1.742277916239206377e+02 7.772666131075578733e+02 -6.243468654852118789e+02 7.000580044446456452e-04 6.973557080417839291e-04 -1.326286953321486467e-02 -7.906715485446500630e-03 1.319743094747287231e-02 6.843872913165353900e-02 -3.887325734566027952e-02 -1.625900148052863703e-01 -2.514895121603640260e-01 2.542175686252719502e-01 3.030464349291701887e-02
-2.229226501346150594e-05 1.446385059531557923e-05 1.293231996016362964e-06 5.239951752793728015e-07 -1.502605003473830295e-06 -1.612862950356737149e-05 -2.039780844193905566e-05 -2.702629081582496196e-06 -1.101501522799440806e-05 -2.033278255869511166e-06 9.888833720073529669e-06 1.130682870218596697e-08 -2.870316851846605726e-06 5.986700094473130922e-06 -5.359227114711354541e-06 7.803226054895950748e-06 -5.930324332535691547e-08 -1.869342218919809682e-07 -1.498239600892094237e-01 8.317511648723747986e-02 4.559697862228723891e-03 -6.520338278602338770e-03 -7.157227276827925547e-03 6.859400728039615446e-04 1.143709316887916863e-03 -7.645140227302023479e-03 1.694089383082395331e-02 -1.677682083141668334e-01 5.861119123175327905e-01 -4.896240537742954646e-01 3.388243649178126224e-05 -5.073169029731847151e-05 1.330196040160940601e-05 -1.568631853716990349e-04 2.342182030722800604e-04 7.395149538857730305e-04 -1.530740333334798075e-04 2.013619003213948985e-03 -5.593463443740664346e-04 4.055561311751015472e-04 -1.534807898329624621e-04
-1.148990757884492267e-03 -5.838618012527865310e-04 -5.211250215214101884e-06 -5.742006785915942235e-06 -3.411232849258961024e-05 -8.085379976850991550e-05 7.187684508854391740e-04 -8.382067150253836869e-05 6.437296166852737585e-05 -2.549648987500909245e-05 1.333359465659876230e-05 3.044484261153562464e-05 -2.597340857024281360e-05 1.254769570968838934e-05 -1.014686845118943151e-05 -2.158286077145540278e-05 4.899536929598405946e-05 -1.630221304437830932e-05 -6.007624941793577866e-01 4.559697862228723891e-03 4.607239907125809886e+00 -3.630183904434964415e+00 -6.932171071274491336e-02 5.771224699138825104e-02 4.256427638027820426e-01 3.206054995603284663e-01 -6.358082340969835933e+00 -2.475903214356922621e-01 1.127080314299402808e+01 -7.514503611611509371e+00 -3.915972350928944635e-04 -2.987041377322606061e-04 -1.035027944301698897e-03 -5.802297942280029491e-04 7.049374093222134292e-05 -1.617236305807122224e-03 -1.270301133581331135e-02 -3.478051583067211933e-02 -1.642808955410253241e-03 8.893148379864088127e-03 1.041206942981031400e-03
4.270225607100878356e-04 2.329466637855197840e-04 -2.100643616851635898e-05 6.189438563240185300e-06 -3.071209521897589934e-05 8.837627472554458209e-05 2.241774043796533437e-03 1.312033036895588899e-05 -3.943162941020408001e-05 3.023658274144402767e-05 -7.678578375085656359e-05 1.079447133761330802e-05 5.501523602164299948e-05 -1.578326070241469473e-05 -4.078874208980700834e-09 3.877493564526718128e-05 -3.056480706929842338e-05 1.603188246765360769e-05 3.210888148526943597e-01 -6.520338278602338770e-03 -3.630183904434964415e+00 7.281921945128012830e+00 5.864000372774252900e-02 -4.783445037700885527e-02 -3.684678156773881219e-01 -2.389429984291329967e-01 5.016424099681902504e+00 1.020232995587129876e+00 -6.618456503844434735e+00 8.993798098760958482e+00 3.549662988057600450e-04 1.162098490850357456e-04 8.536616596414494523e-04 1.577001502917050636e-03 -1.385358061625889883e-03 -6.292698453978451401e-03 4.762084910882633838e-03 6.381307147557412074e-02 2.773771505356042652e-02 -5.909602106538770772e-03 -4.656841771141565639e-03
3.220001297132687925e-04 1.269035727289270646e-03 1.749715124325011109e-04 2.163628338193261590e-05 5.994699548802498516e-06 -1.117896848807037919e-05 2.496605283845814414e-04 3.601212012079853486e-05 4.309886400702290924e-05 -4.607318481966966395e-05 -1.508339093558282232e-06 -9.904405683811246609e-06 1.975964340096626509e-05 -2.894186765303930330e-05 2.791210818513265924e-05 -1.578219203663605290e-05 1.019212997155629849e-04 -1.236083572006043185e-06 -2.527212233567624478e-01 -7.157227276827925547e-03 -6.932171071274491336e-02 5.864000372774252900e-02 3.507977203235069563e+00 4.077126564219820115e-01 1.003192199465512691e-01 1.217563117135115058e-01 -7.427699739752366526e+00 7.871902996773343375e+00 9.712607280355670669e-01 -1.842710837680054725e+00 -9.310183004969369404e-04 -1.757598290356122907e-04 -7.881564017862887156e-06 -8.354170812333388228e-04 -1.233248742921594842e-03 5.153183365416764104e-03 -3.862514999065438503e-03 -1.013398736774703129e-02 3.797538956541620259e-03 5.284085094750764523e-03 5.623660328844625085e-03
3.151632542004582948e-04 5.983905907246325892e-04 7.862498571489044664e-05 1.452648668889140366e-05 -1.168609335135906736e-05 1.401302115886219506e-04 9.332449484286562064e-04 -3.181664202277868564e-05 -4.212696891711062316e-05 -1.358353448091281456e-05 5.150366942834017015e-06 -8.096662240897661961e-06 -1.651047893626839380e-05 -3.693622575232830311e-05 -5.127484268722332984e-05 -1.437888717133734510e-05 -1.089958124216339501e-04 -2.426750966633784361e-05 -2.298050875885953876e-03 6.859400728039615446e-04 5.771224699138825104e-02 -4.783445037700885527e-02 4.077126564219820115e-01 3.418329748623534670e+00 2.483413333530001488e+00 2.354458959944558227e+00 7.498699723971000708e+00 -1.326030129273431690e+01 6.276085865984981638e+00 -4.599289259762234794e-01 -5.571809943578369569e-04 -7.435941968053181184e-04 5.105474790991494346e-04 9.758614066079748968e-04 1.005228586711880189e-03 -1.749140014254248763e-03 -8.741841588706668678e-03 -3.798152274117262001e-02 1.119118810092306800e-02 2.401433241724836454e-03 9.260917020057641766e-03
1.167231092016617517e-04 3.488088958053049736e-04 7.514961726855562732e-05 1.660819357768561003e-05 -6.454714269851491426e-05 1.447894922131732001e-04 2.225912166658413661e-03 -8.557398123793259737e-05 -5.131587365871930905e-05 -1.035087021895963882e-05 2.257152489678556663e-04 1.736178305410589564e-04 1.177061292558104422e-04 -8.116517615740913457e-05 -9.304488216053559131e-05 1.709303070993748588e-05 -5.838736173401986261e-05 2.475416683869643129e-04 -2.087467259188919044e+01 1.143709316887916863e-03 4.256427638027820426e-01 -3.684678156773881219e-01 1.003192199465512691e-01 2.483413333530001488e+00 1.861380824149037849e+01 3.220428560763401293e+01 6.203964869306878960e+00 5.001843562741368032e+01 -5.121058403111302937e+01 8.646946943786240070e+00 9.430189241289022029e-04 -8.124608965822722757e-04 2.111310863485407665e-03 5.713523582655076613e-04 1.507310033555427954e-03 3.998752332476264025e-04 4.709763508532619283e-03 5.581929791705819710e-02 2.364305882815859183e-02 1.442180015108985962e-02 4.453722852741953675e-03
1.870745409593655697e-03 3.419374849287084650e-04 9.305348232063947393e-05 9.385406432053670971e-06 1.435789849277959582e-05 -9.166794037235771622e-05 2.863623412262423888e-03 5.564168936784360972e-06 2.097948734169575102e-04 -1.734833071133019041e-04 4.883915100248063714e-04 2.362517254508190035e-04 2.691013348117463045e-04 -3.162573246978400850e-04 -1.970967252748257229e-04 5.902855095848313265e-04 4.882885553023642427e-05 4.727403012999899256e-04 -6.469092232006364895e+01 -7.645140227302023479e-03 3.206054995603284663e-01 -2.389429984291329967e-01 1.217563117135115058e-01 2.354458959944558227e+00 3.220428560763401293e+01 8.567375091327269843e+01 -6.908914651648812466e+00 8.282546292874661731e+01 -4.183030367418428597e+01 -1.039628201335319346e+01 1.390337973063202667e-03 -2.079082031785118266e-03 7.741518653970121296e-03 2.678639257081910467e-03 6.117938977531873004e-03 -2.037537403664955310e-02 6.833417529377988631e-02 2.775369502417363021e-01 5.053701126217541306e-02 3.171143158997182659e-02 -5.539883461843454543e-05
-3.302843994674516115e-02 -2.606598739947839707e-02 8.322077935148384717e-03 5.346849170793200419e-04 7.305448242515418314e-03 -1.205738083217035121e-02 -6.694404142305282468e-02 4.896031530346945521e-03 4.879546480429712736e-03 -5.292583926792080590e-04 -2.093004793284643575e-03 1.730572041415880591e-03 4.738284663877719884e-03 5.321813537037231416e-03 -1.106054850248835942e-03 7.755692021134708578e-04 3.792184718811980083e-03 8.286182810207355859e-06 6.248413660087232557e+01 1.694089383082395331e-02 -6.358082340969835933e+00 5.016424099681902504e+00 -7.427699739752366526e+00 7.498699723971000708e+00 6.203964869306878960e+00 -6.908914651648812466e+00 1.252408753186617469e+04 7.877469189356213519e+02 -6.911205135087335805e+01 1.305188083112803277e+01 8.044019345467431914e-03 -1.423143917865944338e-02 5.222798278255461751e-02 7.775526319289008392e-02 -5.443595281836564881e-02 -3.929921800543673682e-01 3.421287203692938705e-01 4.217675521694041474e-01 -4.761771453039425617e-01 -6.982472793647558351e-01 9.204967301353202125e-02
-5.170470157588658196e-03 -7.160871794585047141e-03 6.737379565672138842e-04 7.524674194840767782e-05 2.084011670437057196e-03 4.322746083004959383e-03 -3.153819964852071916e-02 -2.948500413905960453e-03 1.208856816736067355e-03 2.062042711933425828e-04 7.323511100244949057e-03 -8.308075929882408972e-04 1.065063698576568761e-03 4.227915180553821518e-03 -2.859178966071172258e-03 -1.477778906971304604e-03 -3.571054881698842130e-03 -1.910552684357256885e-03 -1.742277916239206377e+02 -1.677682083141668334e-01 -2.475903214356922621e-01 1.020232995587129876e+00 7.871902996773343375e+00 -1.326030129273431690e+01 5.001843562741368032e+01 8.282546292874661731e+01 7.877469189356213519e+02 1.257292685900887955e+04 1.377553633025990848e+03 -2.354170626891605593e+02 -4.007844461883078996e-02 -9.961593088578937077e-03 5.073711037633311244e-02 -3.226161770909034138e-02 -3.613081742808070453e-03 -2.081284045723021114e-01 -1.459098758469601353e-01 1.790684756785356213e-01 4.828444423035330862e-02 -8.875344125052238020e-01 4.565448868346789202e-01
-1.501932857509093340e-02 -2.147157920277144999e-02 -1.665123217517116205e-03 -4.167972250501434522e-05 5.368605525804102550e-04 -6.507169569072500208e-03 -7.175563359256015815e-03 -5.171079990387733930e-03 -9.371136260691333283e-04 -5.426419651213747891e-03 -3.181710447238304904e-03 4.401759625211065091e-03 9.768367615509013571e-04 1.834442597512601176e-03 -2.136639232402824055e-03 2.046362533697834111e-03 -2.881566831553504016e-04 1.420668132065939062e-03 7.772666131075578733e+02 5.861119123175327905e-01 1.127080314299402808e+01 -6.618456503844434735e+00 9.712607280355670669e-01 6.276085865984981638e+00 -5.121058403111302937e+01 -4.183030367418428597e+01 -6.911205135087335805e+01 1.377553633025990848e+03 1.176317197764742741e+04 1.049782140101173354e+03 1.251062637588945992e-04 6.808515184252951664e-03 -4.511754384573680998e-02 3.320002549789887597e-02 8.845080820506572017e-02 1.770726717421133301e-01 -2.257450050700851585e-01 -2.780335945094166927e+00 -6.853023912179290189e-01 1.025276509396212843e+00 -1.905086812133121310e-01
-8.986931943829943106e-03 -9.375083328981225275e-03 -8.422240830941482397e-04 -2.276182080611352033e-04 1.975931984500988326e-03 -2.893426361909666022e-03 1.130761848388078458e-02 -3.230267209606653422e-03 -2.894939785710093794e-03 -4.970795521781998759e-03 -5.429266269268930370e-03 -6.007683247327260875e-03 1.116542086425108271e-03 6.985729309689859895e-04 4.173258715323328351e-03 -3.561479165602727918e-03 2.183263113694562023e-05 4.416312748866488917e-06 -6.243468654852118789e+02 -4.896240537742954646e-01 -7.514503611611509371e+00 8.993798098760958482e+00 -1.842710837680054725e+00 -4.599289259762234794e-01 8.646946943786240070e+00 -1.039628201335319346e+01 1.305188083112803277e+01 -2.354170626891605593e+02 1.049782140101173354e+03 1.301853203585000483e+04 1.411256878095748513e-02 6.966085371942823228e-03 -3.710753616586246612e-02 3.395810159131914391e-02 1.274814248725094357e-01 2.586576128835614274e-01 1.154797958718072753e-01 -1.622862266511934326e+00 6.713042756221611063e-01 -1.456364967015989720e+00 -7.396616495025584159e-01
1.824977148658025385e-06 1.081246032069985915e-06 1.884413795851702613e-07 -4.488374335653623083e-09 6.759998670048384761e-07 -1.319188209112066175e-06 -1.886392814603140476e-05 1.872758018173603061e-06 -6.502951631448460979e-07 2.351001509103144039e-07 -9.689990819321615680e-07 -6.598422618646008413e-07 1.398777482395753176e-06 2.393646106789686282e-07 8.368358737236675541e-07 -7.208151919716027915e-07 1.819986251329436577e-08 -1.477700836976747168e-07 7.000580044446456452e-04 3.388243649178126224e-05 -3.915972350928944635e-04 3.549662988057600450e-04 -9.310183004969369404e-04 -5.571809943578369569e-04 9.430189241289022029e-04 1.390337973063202667e-03 8.044019345467431914e-03 -4.007844461883078996e-02 1.251062637588945992e-04 1.411256878095748513e-02 1.505363161697411334e-03 2.675705120344673582e-04 -3.073372654846520059e-07 -4.108477795409318516e-04 3.348814834954253177e-05 -1.327412080932758958e-04 1.192046803724535457e-04 4.119159919701731606e-04 -1.922413904060154904e-04 -7.538441483742142155e-05 1.294937803560588260e-04
1.796225085044513378e-06 8.440308915605980864e-07 -4.474763791130171986e-07 -1.121941598628571238e-07 -2.753812941453837330e-07 7.600951286978295153e-07 -5.865046788129626813e-07 4.288008008626913755e-07 1.628715641217009370e-07 -1.979423805195629788e-06 -5.484241339305859652e-07 -7.284310700366506215e-08 6.060938681258776706e-07 8.514214746084193026e-07 9.042792994584702872e-07 -5.603525578398367136e-09 -2.308917669096492478e-07 1.282866380839534055e-07 6.973557080417839291e-04 -5.073169029731847151e-05 -2.987041377322606061e-04 1.162098490850357456e-04 -1.757598290356122907e-04 -7.435941968053181184e-04 -8.124608965822722757e-04 -2.079082031785118266e-03 -1.423143917865944338e-02 -9.961593088578937077e-03 6.808515184252951664e-03 6.966085371942823228e-03 2.675705120344673582e-04 9.044640659336668437e-04 -1.457456870143181659e-06 7.178723005650085786e-04 7.979006979456603464e-06 1.549685723959219315e-05 -4.070976409008039976e-06 1.575065101980239037e-04 -6.064227403286814720e-05 5.625515194666866271e-05 6.745595047087856735e-05
-1.227520708501816376e-05 -3.830867120860202807e-06 -1.020960461873046053e-06 -3.007945914397160977e-07 7.985830813155650899e-07 -6.060680052334447897e-06 -1.607942370637693302e-05 -3.608608415535234811e-07 -2.665718119628973132e-06 3.580062576358225180e-07 1.766738748704309075e-06 4.395259935457024475e-07 -7.944350066374558219e-07 1.242976579166840776e-06 -3.527735575465557364e-06 -3.520224081111999659e-07 -8.928333588245471739e-08 -6.827607949562832855e-07 -1.326286953321486467e-02 1.330196040160940601e-05 -1.035027944301698897e-03 8.536616596414494523e-04 -7.881564017862887156e-06 5.105474790991494346e-04 2.111310863485407665e-03 7.741518653970121296e-03 5.222798278255461751e-02 5.073711037633311244e-02 -4.511754384573680998e-02 -3.710753616586246612e-02 -3.073372654846520059e-07 -1.457456870143181659e-06 8.037848605631369922e-03 8.450597526557308457e-06 -3.099916377748832870e-05 3.384879863707296148e-04 2.201296623438583411e-04 1.123129475493259404e-03 1.815611655627442109e-04 -6.915474584317197072e-04 -9.660808270960674908e-05
1.824702425977705190e-05 -2.739338291799696364e-06 1.505328071287680643e-06 2.467406473755980883e-08 3.538336818031195386e-06 2.093916596800067974e-06 -2.007609041043155449e-05 1.353094622886323615e-06 1.642995424727564143e-06 -1.278602241029641604e-06 -2.143075858666300846e-06 4.401007954724320991e-07 -1.989524241098267597e-06 -1.581102890084376596e-07 -1.780066141865300280e-06 -6.576595267110997254e-07 -4.251587351092932374e-07 2.975354283525598234e-07 -7.906715485446500630e-03 -1.568631853716990349e-04 -5.802297942280029491e-04 1.577001502917050636e-03 -8.354170812333388228e-04 9.758614066079748968e-04 5.713523582655076613e-04 2.678639257081910467e-03 7.775526319289008392e-02 -3.226161770909034138e-02 3.320002549789887597e-02 3.395810159131914391e-02 -4.108477795409318516e-04 7.178723005650085786e-04 8.450597526557308457e-06 3.221464212026065380e-03 2.670706992671170760e-06 2.598856249085852287e-04 5.766946665518401897e-04 1.771818728913240187e-03 2.824445355482359883e-04 -6.941929335372568803e-04 -1.787255938284124893e-04
-7.004289604831284899e-06 -1.197461295182675853e-06 -1.571249536340241490e-06 3.363012608333926100e-09 -6.547166901044437542e-07 3.271067536710586193e-07 -2.522165504983673828e-05 2.943177018142885886e-07 1.821565694261695616e-06 -4.287091740359695190e-06 5.720746442789500605e-06 1.777802096941285193e-06 -3.828866844076901373e-07 -2.819740180870387168e-07 -2.051974898494456969e-06 -1.067152820489241025e-06 -3.139843983888645432e-07 -1.118692150332862042e-07 1.319743094747286710e-02 2.342182030722802502e-04 7.049374093222105832e-05 -1.385358061625888799e-03 -1.233248742921594625e-03 1.005228586711879105e-03 1.507310033555427304e-03 6.117938977531868668e-03 -5.443595281836569738e-02 -3.613081742808068285e-03 8.845080820506574792e-02 1.274814248725093802e-01 3.348814834954252500e-05 7.979006979456622098e-06 -3.099916377748832870e-05 2.670706992671170760e-06 8.174922574739198339e-03 5.576520466392819071e-04 -5.142896340505085165e-04 -2.966907697454374600e-03 -1.393373738515437989e-05 -3.918856673339484831e-04 4.858676521576088016e-04
-5.029526781169583972e-06 4.956939224664562476e-06 8.738766972037182761e-07 3.863310970801458883e-07 -7.347923645701514059e-07 -2.189998543514303693e-05 -6.324359200158325724e-05 2.991438178031670628e-05 -4.031915085935073419e-06 -4.298353091110048796e-05 1.804538623683443047e-05 -2.071313357345466491e-05 3.248147417250282810e-07 -7.695862593965247005e-06 7.172668707324857510e-06 7.527134142072881124e-06 5.293351871822151155e-07 5.143845522420952242e-07 6.843872913165353900e-02 7.395149538857730305e-04 -1.617236305807122224e-03 -6.292698453978451401e-03 5.153183365416764104e-03 -1.749140014254248763e-03 3.998752332476264025e-04 -2.037537403664955310e-02 -3.929921800543673682e-01 -2.081284045723021114e-01 1.770726717421133301e-01 2.586576128835614274e-01 -1.327412080932758958e-04 1.549685723959219315e-05 3.384879863707296148e-04 2.598856249085852287e-04 5.576520466392819071e-04 2.872190410834317698e-01 -4.203328217400071351e-04 -2.986997299653046650e-03 -2.691803983272953067e-03 3.373804412808055746e-03 1.058320806580091526e-03
2.097661782021394486e-03 6.895271011524254116e-04 1.977538437838382126e-04 4.589142804204784275e-06 3.963583735901856720e-04 -1.397360693132207498e-04 -5.193988889528197705e-03 -3.223277394233542978e-05 2.701063248950148548e-04 -1.254113268261975030e-04 -2.656396843872967418e-05 -1.647096310915756025e-05 5.371714139660300450e-05 -6.969957557038232801e-05 2.279450109990473019e-05 2.545530207059143666e-05 1.592892586827727613e-06 -2.250000608495621992e-06 -3.887325734566027952e-02 -1.530740333334798075e-04 -1.270301133581331135e-02 4.762084910882633838e-03 -3.862514999065438503e-03 -8.741841588706668678e-03 4.709763508532619283e-03 6.833417529377988631e-02 3.421287203692938705e-01 -1.459098758469601353e-01 -2.257450050700851585e-01 1.154797958718072753e-01 1.192046803724535457e-04 -4.070976409008039976e-06 2.201296623438583411e-04 5.766946665518401897e-04 -5.142896340505085165e-04 -4.203328217400071351e-04 2.360868501591012747e-01 8.537036941017649427e-01 -2.538124087291499312e-02 -4.163884647674254147e-03 -6.166543671663950871e-02
