# logA ns H0 omegabh2 omegach2 DES_DZ_S1 DES_DZ_S2 DES_DZ_S3 DES_DZ_S4 DES_M1 DES_M2 DES_M3 DES_M4 DES_A1_1 DES_A1_2 DES_A2_1 DES_A2_2 DES_BTA_1
1.062034940967871051e-02 5.376838126224386949e-04 -6.717018652131880041e-02 -2.355080422495459255e-06 -7.381325359508844348e-04 4.273702586876238760e-06 7.593715286725235114e-06 -5.230798605142569922e-06 9.912603931588679575e-07 1.090861871986201387e-06 -1.473419731996777835e-06 4.573805865872363402e-07 -4.633589961124416745e-06 -3.356142373877040765e-03 -2.304865320386773747e-02 -5.861280325737913167e-03 6.101799521846428681e-03 -3.961635772076652420e-03
5.376838126224386949e-04 4.494794581588711091e-04 -6.820365855620865066e-03 -1.363876931818674329e-06 -5.522434420262001796e-05 -1.523560940392705108e-06 1.643685525219864914e-06 4.727881160870341528e-07 3.944127230575648625e-06 2.684158443709757479e-06 -2.492007162021845788e-07 2.180171627327453613e-06 2.332150399644228894e-08 2.653647539425088770e-04 2.619335160379347802e-03 1.626463936532567293e-03 -1.295220341770275847e-03 1.415891520948191120e-03
-6.717018652131880041e-02 -6.820365855620865066e-03 1.295984434030286625e+00 2.061860969366438459e-04 7.048192536454027900e-03 1.510184313501305509e-04 -4.377490856471331703e-05 -2.772303471414708969e-04 -3.136419356865376108e-04 -2.071492281735565785e-05 5.969575080587607898e-05 -6.770963461414915242e-05 -4.980751132943917083e-05 5.679476268431195990e-02 2.346616655233035587e-01 1.498967958174570736e-01 -2.152243822888895430e-01 9.115473570563857250e-03
-2.355080422495459255e-06 -1.363876931818674329e-06 2.061860969366438459e-04 2.670673220342966240e-07 6.526165479213984144e-07 4.089256559041421561e-08 4.964426278739036157e-08 2.459221539653125995e-10 1.083560751581375523e-09 -1.130762713263679785e-08 1.708264664937196365e-08 1.126046585607885935e-08 2.678991197029954616e-08 3.209952227197457567e-06 1.154436090471239919e-05 8.849693738476732268e-06 -1.809605779155183872e-05 -5.433018138906399637e-06
-7.381325359508844348e-04 -5.522434420262001796e-05 7.048192536454027900e-03 6.526165479213984144e-07 6.427725825868221593e-05 1.022775239363125610e-06 -5.106721705845548967e-07 -2.481505596360333166e-06 -2.412617230457626514e-06 -3.186830984040164587e-07 6.851840190811837329e-07 -1.571733899778992235e-06 -7.587144665348252816e-07 6.611994882032513812e-04 3.018831066846969832e-03 1.524704845111242045e-03 -2.135705239084257061e-03 1.381446702332825131e-04
4.273702586876238760e-06 -1.523560940392704685e-06 1.510184313501305509e-04 4.089256559041421561e-08 1.022775239363125610e-06 2.324963084474652465e-05 9.679597987544460540e-07 -4.330933027885244469e-07 -4.043596228626488014e-07 4.503768216026852726e-08 -2.623336160172883082e-08 2.723044869493508649e-07 -1.765344232118647084e-07 1.947012048236100091e-05 -9.319309633954155027e-04 1.994483755256366202e-04 -5.803833369424070973e-04 -6.632146080024460479e-05
7.593715286725236808e-06 1.643685525219865126e-06 -4.377490856471332381e-05 4.964426278739038142e-08 -5.106721705845548967e-07 9.679597987544460540e-07 2.273108519634309325e-05 2.885236568430908224e-07 3.794163381021641868e-07 2.171521223383672727e-07 -3.348750768173321840e-07 4.878570210981925813e-07 1.618449470644622487e-07 2.327517414480854995e-04 9.583339508770366295e-04 1.593615739273821082e-05 -2.184044098452784949e-05 -7.912117421503270308e-05
-5.230798605142569922e-06 4.727881160870337822e-07 -2.772303471414708969e-04 2.459221539653125995e-10 -2.481505596360333166e-06 -4.330933027885244469e-07 2.885236568430909282e-07 2.365538181544132399e-05 8.154082120572809138e-07 -5.608546596353302662e-08 3.589494736056580071e-07 -6.992031125229663740e-07 1.049979828262971696e-07 -1.405507839482930828e-04 -2.552156703432021051e-04 -2.047630353655873349e-04 2.639588566457691955e-04 9.785872844458724015e-05
9.912603931588679575e-07 3.944127230575648625e-06 -3.136419356865376108e-04 1.083560751581375523e-09 -2.412617230457626514e-06 -4.043596228626488014e-07 3.794163381021641868e-07 8.154082120572809138e-07 2.437066950912497094e-05 -3.702053264808236160e-07 7.660023113945676360e-08 6.235572462864072194e-07 -6.536966930018498720e-07 -9.007714424286561558e-05 -2.902397578920858993e-05 -1.267477389758757693e-04 1.460970068496541521e-04 9.850090345163916585e-05
1.090861871986201175e-06 2.684158443709757479e-06 -2.071492281735565785e-05 -1.130762713263679950e-08 -3.186830984040165646e-07 4.503768216026854050e-08 2.171521223383672727e-07 -5.608546596353302662e-08 -3.702053264808236160e-07 2.518608670036106195e-05 7.812367481069676966e-07 1.834682252511486117e-07 -2.893866183361831282e-07 -3.065268855191523615e-05 -2.429225402704909321e-04 -3.666788100945231484e-05 1.997980515276374632e-04 -9.648181209654921778e-06
-1.473419731996777835e-06 -2.492007162021845788e-07 5.969575080587607898e-05 1.708264664937196365e-08 6.851840190811837329e-07 -2.623336160172883082e-08 -3.348750768173321840e-07 3.589494736056579542e-07 7.660023113945676360e-08 7.812367481069676966e-07 2.401568296690545506e-05 4.445537309094771937e-07 5.788928819536357224e-08 4.383518943881851000e-05 1.667092821843823257e-04 1.882812558026015625e-04 -3.471854188420895010e-04 1.071483941826412514e-05
4.573805865872363402e-07 2.180171627327453613e-06 -6.770963461414915242e-05 1.126046585607885935e-08 -1.571733899778992235e-06 2.723044869493508649e-07 4.878570210981925813e-07 -6.992031125229663740e-07 6.235572462864072194e-07 1.834682252511485853e-07 4.445537309094771937e-07 2.352112009935911503e-05 9.143942545427813565e-07 -3.325488391193005621e-05 -6.196817736658353809e-05 -2.701028686355453793e-05 -4.968929889205331079e-05 8.062029405334885382e-07
-4.633589961124408275e-06 2.332150399644202424e-08 -4.980751132943924536e-05 2.678991197029953954e-08 -7.587144665348251757e-07 -1.765344232118644702e-07 1.618449470644622222e-07 1.049979828262972490e-07 -6.536966930018497662e-07 -2.893866183361831282e-07 5.788928819536366488e-08 9.143942545427815683e-07 2.444932261049125149e-05 5.961875083074459249e-06 2.115262476767534221e-04 -7.606519809545884384e-05 9.223312341949509239e-05 6.166990750164317724e-05
-3.356142373877039897e-03 2.653647539425089312e-04 5.679476268431193908e-02 3.209952227197452485e-06 6.611994882032514896e-04 1.947012048236100091e-05 2.327517414480855266e-04 -1.405507839482931641e-04 -9.007714424286558848e-05 -3.065268855191525648e-05 4.383518943881849645e-05 -3.325488391193002910e-05 5.961875083074460943e-06 1.576458599183443166e-01 7.228240863885073697e-01 3.281618483178261325e-02 -1.513547820854541266e-02 -4.121114772039774499e-02
-2.304865320386774788e-02 2.619335160379348670e-03 2.346616655233034754e-01 1.154436090471243985e-05 3.018831066846971133e-03 -9.319309633954157195e-04 9.583339508770365211e-04 -2.552156703432021593e-04 -2.902397578920871190e-05 -2.429225402704908237e-04 1.667092821843823528e-04 -6.196817736658351099e-05 2.115262476767533950e-04 7.228240863885073697e-01 4.595720943622785271e+00 9.756631446879068803e-02 1.733375110040965561e-01 1.484513394003829645e-01
-5.861280325737914902e-03 1.626463936532567076e-03 1.498967958174571014e-01 8.849693738476728880e-06 1.524704845111241828e-03 1.994483755256366202e-04 1.593615739273824471e-05 -2.047630353655872806e-04 -1.267477389758757693e-04 -3.666788100945231484e-05 1.882812558026016167e-04 -2.701028686355453116e-05 -7.606519809545883028e-05 3.281618483178260631e-02 9.756631446879067415e-02 2.709250027768213553e-01 -4.857113630329776277e-01 -2.974512989628803721e-03
6.101799521846427814e-03 -1.295220341770276281e-03 -2.152243822888895430e-01 -1.809605779155182517e-05 -2.135705239084257929e-03 -5.803833369424070973e-04 -2.184044098452788676e-05 2.639588566457691955e-04 1.460970068496541792e-04 1.997980515276374361e-04 -3.471854188420894468e-04 -4.968929889205329046e-05 9.223312341949509239e-05 -1.513547820854540746e-02 1.733375110040965561e-01 -4.857113630329776277e-01 9.977040733925512939e-01 6.217322121574734434e-02
-3.961635772076651553e-03 1.415891520948191987e-03 9.115473570563845107e-03 -5.433018138906402178e-06 1.381446702332825131e-04 -6.632146080024459123e-05 -7.912117421503268952e-05 9.785872844458728080e-05 9.850090345163916585e-05 -9.648181209654926860e-06 1.071483941826412175e-05 8.062029405334989144e-07 6.166990750164317724e-05 -4.121114772039774499e-02 1.484513394003829645e-01 -2.974512989628801552e-03 6.217322121574734434e-02 2.009497837468865178e-01
