# logA ns theta_MC_100 omegabh2 omegach2 tau w A_planck calib_100T calib_217T A_cib_217 xi_sz_cib A_sz ksz_norm gal545_A_100 gal545_A_143 gal545_A_143_217 gal545_A_217 ps_A_100_100 ps_A_143_143 ps_A_143_217 ps_A_217_217 galf_TE_A_100 galf_TE_A_100_143 galf_TE_A_100_217 galf_TE_A_143 galf_TE_A_143_217 galf_TE_A_217
1.517997923180700167e-03 7.324626467938031085e-04 1.444148709044987082e-04 1.588796809569804680e-05 1.451979456120894307e-04 1.641673365603281388e-04 1.056795108776231208e-03 7.849419421895142523e-06 8.200662012436910552e-07 1.493097062055691760e-07 -4.958920334675907121e-03 2.858937399943735323e-05 -6.453741503769282401e-04 1.027680035115632488e-04 9.989603841323215633e-04 3.096527367340216582e-04 -1.462751389514567067e-03 2.359056551491709288e-04 -1.017621255343960501e-01 -3.870005835914050452e-02 -1.419423020953328174e-02 -2.718214237920360543e-02 2.490056412170146849e-05 4.459533607794648061e-06 5.879434532277495929e-06 1.112241188880603099e-05 4.320402569717438415e-05 1.057876258674842309e-04
7.324626467938031085e-04 5.255743807422435122e-04 8.871256081448869349e-05 1.135983779468655720e-05 6.916063713565385562e-05 3.236374998020735396e-05 1.623035659847113467e-03 -3.011367217842151140e-06 5.267115986678194196e-07 1.200721644964594876e-07 2.988831692574370636e-03 2.785645321297520441e-05 -2.421404476360901781e-04 -8.264308074035797724e-05 1.373901435439472095e-03 6.543546137770767199e-05 -1.104740286546957275e-03 -7.952907825295629958e-04 -7.251300153512012237e-02 -1.811540142561284678e-02 -4.374403847758760776e-04 -3.938888575170759049e-02 1.519939217998052895e-06 2.416795736304330977e-06 -1.557653332010478901e-06 -5.011508389040175666e-06 7.774979482163181741e-06 1.654636241624252743e-04
1.444148709044987082e-04 8.871256081448869349e-05 1.918566990365564305e-05 2.216337984668538963e-06 1.610610541416325649e-05 5.457130687525984439e-06 1.719894110969111473e-04 -2.853374690869653656e-07 6.949435107049856825e-08 1.151729996088618522e-08 -2.796191279163495985e-04 -7.078261454153653678e-07 3.289591939168772991e-05 -3.950260324971090165e-05 1.993732535727613976e-04 6.614850040580052745e-05 -1.501211930266190770e-05 1.418646999527528856e-04 -4.519100333323469373e-03 -3.017110633827873364e-03 -2.609457456603516204e-03 -3.457558935306090288e-03 1.625289282263121263e-06 -2.143575002648128921e-07 9.535370115419365078e-07 3.211329910523866599e-08 4.212067997370966269e-06 2.762684169860285429e-05
1.588796809569804680e-05 1.135983779468655720e-05 2.216337984668538963e-06 3.311017377431881850e-07 1.313273603930570990e-06 1.032932249958491344e-06 2.015999934151524182e-05 -1.343122965329607077e-08 1.723384820424766700e-08 1.618019529923298786e-09 -7.450039146772162338e-05 6.625362670749412003e-07 -1.140359330535536985e-06 1.231243164322004705e-06 2.636153628813667498e-05 -4.239671252220887288e-06 -5.568453074126351856e-06 2.478934142614591679e-05 -6.602587697574769906e-04 -2.661475767713043263e-04 3.109560334081493300e-04 -4.904713309534853476e-04 5.273654143358404281e-08 -1.034521007451578968e-07 -2.858249157335028874e-07 -5.621047316350479108e-07 2.573799990737309777e-07 4.914944999838411441e-06
1.451979456120894307e-04 6.916063713565385562e-05 1.610610541416325649e-05 1.313273603930570990e-06 2.188297638024207337e-05 2.908046228246864390e-07 7.660175298501320257e-05 -4.331823791435946558e-07 3.335844448225858166e-08 -6.471170780847614310e-09 -4.688276610364172843e-04 -8.743656974442992957e-06 2.723160077535363650e-05 -6.097137187900659555e-05 4.960574668027956070e-05 6.801695694557077939e-05 -1.983815891645437815e-04 -1.067969830714301675e-04 -8.886838404215727932e-03 -6.902129262567881403e-03 -8.571128588748058025e-03 -2.790647493081472186e-03 3.243123801097175606e-06 4.551608706342364467e-07 3.052307213038157347e-06 6.113657846167719500e-06 5.424985634287920818e-06 3.752029274266657329e-06
1.641673365603281388e-04 3.236374998020735396e-05 5.457130687525984439e-06 1.032932249958491344e-06 2.908046228246864390e-07 7.028573644885829886e-05 -5.250345859171802807e-05 -5.376315433804897571e-08 1.327859583440032196e-09 4.696203697938944752e-08 -9.745425913102344004e-04 2.128584297846448516e-05 -2.092118502640763500e-04 1.752358149444176790e-04 1.931216560068022209e-04 1.249669851997094747e-04 3.049563239970141124e-04 1.142552387123241551e-04 7.045313066202154965e-03 5.281240463803253161e-03 7.503779988088279083e-03 5.504016445261640522e-03 4.503793348650207888e-06 -3.095542712702735466e-07 -3.959284937636826405e-07 -7.232817310784954670e-06 5.040403649544949716e-06 -1.266635591747137684e-05
1.056795108776231208e-03 1.623035659847113467e-03 1.719894110969111473e-04 2.015999934151524182e-05 7.660175298501320257e-05 -5.250345859171802807e-05 2.622558794868189991e-01 -3.423239274195382693e-05 -2.084288160116435194e-06 2.286890408496100854e-06 8.437458243608243758e-02 2.582997767959552358e-03 6.394297273686963892e-03 -5.153909799208036477e-03 -1.566797642887118175e-02 -1.424864544132066133e-02 -1.066457495959567681e-02 -2.840747060726971085e-02 4.919433690544881138e-02 6.412830702878578037e-01 1.195641517099046869e+00 5.481662286195247979e-01 1.161472012387038331e-05 1.892030528892126061e-04 -2.197601695574609502e-04 -1.568439894877630362e-04 7.753164287951380091e-06 1.158162386835127856e-03
7.849419421895142523e-06 -3.011367217842151140e-06 -2.853374690869653656e-07 -1.343122965329607077e-08 -4.331823791435946558e-07 -5.376315433804897571e-08 -3.423239274195382693e-05 6.069861949847550525e-06 5.537812976384484498e-09 9.589631394077797234e-09 4.815391155505396349e-04 4.022640792756241168e-06 4.478052105665914520e-05 -3.281982216436572081e-05 -2.595826113591309927e-05 3.443414243239371545e-06 -2.315572397261177399e-05 4.781178015982214110e-04 1.150974323251217598e-03 -1.871695964903325807e-05 1.302103420072816794e-03 1.721458755920041118e-03 2.966038244109982766e-07 7.854747116847261827e-07 2.072958604304109716e-08 8.133634958330890357e-07 7.309823619834261494e-07 -6.248567480639058796e-06
8.200662012436910552e-07 5.267115986678194196e-07 6.949435107049856825e-08 1.723384820424766700e-08 3.335844448225858166e-08 1.327859583440032196e-09 -2.084288160116435194e-06 5.537812976384484498e-09 4.370170561414974821e-07 -5.766417585047359733e-10 -2.081219778696868851e-04 2.210659738492541162e-07 3.272306568429637913e-05 -3.176683756707258320e-05 9.753042400986512456e-05 -1.036148144617119685e-04 -5.179450123912845608e-05 6.943947272430114773e-05 2.329587490309079946e-03 -4.370721961620525550e-03 -1.935552914429848029e-04 2.891676836422358708e-04 -8.685453733795658425e-08 -1.632675306705708238e-08 6.697390979478173416e-07 -4.266573401212445701e-08 9.311367171286625718e-08 1.444353855017522459e-06
1.493097062055691760e-07 1.200721644964594876e-07 1.151729996088618522e-08 1.618019529923298786e-09 -6.471170780847614310e-09 4.696203697938944752e-08 2.286890408496100854e-06 9.589631394077797234e-09 -5.766417585047359733e-10 4.160049146568571141e-07 4.580069745455903367e-04 4.855965536573183693e-07 -2.213106671533710411e-05 2.141323749104299536e-05 1.572015875196819745e-05 -2.106896595450494022e-05 2.910553715203981293e-04 5.998250139444685292e-04 -1.195408710627249554e-03 -9.957247933860835249e-04 7.227000367211522175e-04 1.108848862582605636e-04 -9.847397893968958867e-08 2.135292372946700554e-08 2.114540180680199695e-07 2.855300923201685603e-07 2.621220433587040205e-07 2.374049489073643485e-06
-4.958920334675907121e-03 2.988831692574370636e-03 -2.796191279163495985e-04 -7.450039146772162338e-05 -4.688276610364172843e-04 -9.745425913102344004e-04 8.437458243608243758e-02 4.815391155505396349e-04 -2.081219778696868851e-04 4.580069745455903367e-04 4.603396570982305320e+02 -1.966079345617092744e-01 -1.871073639733196181e-01 1.003103246499567891e-01 3.723827422817618804e-01 -1.457688885115185906e-01 -2.035013803671284549e+01 -6.278958567257007672e+01 3.182249848954461413e+01 -1.713883411487255728e+02 7.850320519721434493e+02 -6.166935820934570529e+02 -8.225674930522255263e-03 -7.025450445422651811e-03 -1.021671765118963016e-02 -1.302314961118991934e-02 9.858954427855570052e-04 -4.115157133473135859e-02
2.858937399943735323e-05 2.785645321297520441e-05 -7.078261454153653678e-07 6.625362670749412003e-07 -8.743656974442992957e-06 2.128584297846448516e-05 2.582997767959552358e-03 4.022640792756241168e-06 2.210659738492541162e-07 4.855965536573183693e-07 -1.966079345617092744e-01 8.354205429679241457e-02 -6.659580243324479502e-03 6.986114035860238256e-03 1.924056514812216888e-03 3.743438527208125654e-03 9.228155759383903020e-03 -6.635408996591042087e-03 -1.846504553112195690e-01 -6.725192110732122752e-02 6.076294860533234532e-01 -1.665514333246481404e-01 1.078192317028053989e-05 4.919107299500936675e-05 1.730470310526117743e-04 -2.892001374388104775e-05 2.250442716811869694e-04 1.870419847410864905e-03
-6.453741503769282401e-04 -2.421404476360901781e-04 3.289591939168772991e-05 -1.140359330535536985e-06 2.723160077535363650e-05 -2.092118502640763500e-04 6.394297273686963892e-03 4.478052105665914520e-05 3.272306568429637913e-05 -2.213106671533710411e-05 -1.871073639733196181e-01 -6.659580243324479502e-03 4.551981795085263904e+00 -3.593701253279864893e+00 -1.085352949586970983e-01 1.091041227902595778e-01 4.727581684723476396e-01 5.045025046244953071e-01 -7.445304333743048453e+00 -4.202629893308583497e+00 1.040285508919381741e+01 -3.666789577269766287e+00 3.843704939437278599e-04 -7.662609760012387573e-04 -2.697900349318558925e-03 -1.861395780612439335e-03 -2.570978915974298385e-03 -1.308345424411491015e-02
1.027680035115632488e-04 -8.264308074035797724e-05 -3.950260324971090165e-05 1.231243164322004705e-06 -6.097137187900659555e-05 1.752358149444176790e-04 -5.153909799208036477e-03 -3.281982216436572081e-05 -3.176683756707258320e-05 2.141323749104299536e-05 1.003103246499567891e-01 6.986114035860238256e-03 -3.593701253279864893e+00 7.263958599435230923e+00 6.071902223997940190e-02 -8.286083904176350101e-02 -4.707220457414263981e-01 -5.611457973844561353e-01 5.620030468291578707e+00 2.857003387679552198e+00 -9.613511282708591565e+00 4.734935735724631556e+00 -1.463387180719478845e-04 3.340100572977485046e-04 2.734442691005822997e-03 4.768464022459510199e-04 2.016254915136005913e-03 8.978505439940139346e-03
9.989603841323215633e-04 1.373901435439472095e-03 1.993732535727613976e-04 2.636153628813667498e-05 4.960574668027956070e-05 1.931216560068022209e-04 -1.566797642887118175e-02 -2.595826113591309927e-05 9.753042400986512456e-05 1.572015875196819745e-05 3.723827422817618804e-01 1.924056514812216888e-03 -1.085352949586970983e-01 6.071902223997940190e-02 3.510161271605769073e+00 3.669329780833984755e-01 6.686925997114800957e-02 2.402049872226745889e-02 -7.040922071107848623e+00 7.599442269690006135e+00 1.453189671889423717e+00 -2.251851722719060422e+00 -1.597868763342272214e-04 6.527448533972709513e-04 1.159269744102411947e-03 -6.239112451806224377e-04 -9.092114060211445954e-04 -4.396887513863850273e-03
3.096527367340216582e-04 6.543546137770767199e-05 6.614850040580052745e-05 -4.239671252220887288e-06 6.801695694557077939e-05 1.249669851997094747e-04 -1.424864544132066133e-02 3.443414243239371545e-06 -1.036148144617119685e-04 -2.106896595450494022e-05 -1.457688885115185906e-01 3.743438527208125654e-03 1.091041227902595778e-01 -8.286083904176350101e-02 3.669329780833984755e-01 3.413441113507476921e+00 2.566099076236669774e+00 2.391841680460882191e+00 9.300380288705092369e+00 -1.431476501509131083e+01 3.323897607139272736e+00 5.647495370602159115e-01 5.417744919037610716e-04 -5.940061194282868174e-04 1.574917527566031990e-04 -7.679831800064954635e-04 3.506969750835822958e-04 2.203744304601791375e-03
-1.462751389514567067e-03 -1.104740286546957275e-03 -1.501211930266190770e-05 -5.568453074126351856e-06 -1.983815891645437815e-04 3.049563239970141124e-04 -1.066457495959567681e-02 -2.315572397261177399e-05 -5.179450123912845608e-05 2.910553715203981293e-04 -2.035013803671284549e+01 9.228155759383903020e-03 4.727581684723476396e-01 -4.707220457414263981e-01 6.686925997114800957e-02 2.566099076236669774e+00 1.882353954769236637e+01 3.227140660088709723e+01 6.709881366195401320e+00 4.496129341937353274e+01 -5.906618258206903960e+01 4.012170857396175627e+00 8.082279319710453797e-04 1.195583834569269061e-04 2.334398776678512418e-03 -9.833378957775488517e-04 1.436562770229202364e-04 1.585834997489208578e-03
2.359056551491709288e-04 -7.952907825295629958e-04 1.418646999527528856e-04 2.478934142614591679e-05 -1.067969830714301675e-04 1.142552387123241551e-04 -2.840747060726971085e-02 4.781178015982214110e-04 6.943947272430114773e-05 5.998250139444685292e-04 -6.278958567257007672e+01 -6.635408996591042087e-03 5.045025046244953071e-01 -5.611457973844561353e-01 2.402049872226745889e-02 2.391841680460882191e+00 3.227140660088709723e+01 8.502846875165019469e+01 -7.683074533659445038e+00 7.270636981376253516e+01 -5.471119846210925886e+01 -2.585636997035835805e+01 1.451303318635985577e-03 7.436532924324203370e-04 5.205681644570542103e-03 5.420918127925744264e-04 -3.249253523573378353e-03 3.138951980651963347e-02
-1.017621255343960501e-01 -7.251300153512012237e-02 -4.519100333323469373e-03 -6.602587697574769906e-04 -8.886838404215727932e-03 7.045313066202154965e-03 4.919433690544881138e-02 1.150974323251217598e-03 2.329587490309079946e-03 -1.195408710627249554e-03 3.182249848954461413e+01 -1.846504553112195690e-01 -7.445304333743048453e+00 5.620030468291578707e+00 -7.040922071107848623e+00 9.300380288705092369e+00 6.709881366195401320e+00 -7.683074533659445038e+00 1.255607039795061792e+04 6.730031665994940795e+02 1.378961298808470204e+01 1.217284445464549663e+02 -1.580670297415675413e-02 1.322789396356863038e-02 -2.165691824025420958e-02 1.271564098540888255e-01 2.793425961073858418e-02 3.415094986060452503e-02
-3.870005835914050452e-02 -1.811540142561284678e-02 -3.017110633827873364e-03 -2.661475767713043263e-04 -6.902129262567881403e-03 5.281240463803253161e-03 6.412830702878578037e-01 -1.871695964903325807e-05 -4.370721961620525550e-03 -9.957247933860835249e-04 -1.713883411487255728e+02 -6.725192110732122752e-02 -4.202629893308583497e+00 2.857003387679552198e+00 7.599442269690006135e+00 -1.431476501509131083e+01 4.496129341937353274e+01 7.270636981376253516e+01 6.730031665994940795e+02 1.267122961354741346e+04 1.287821897492025755e+03 -4.532736549103253765e+02 -2.967735068914188409e-02 3.304291339737934485e-02 2.967265996612006990e-02 3.289113365409673112e-02 3.565235687930327652e-03 1.024867756222459736e+00
-1.419423020953328174e-02 -4.374403847758760776e-04 -2.609457456603516204e-03 3.109560334081493300e-04 -8.571128588748058025e-03 7.503779988088279083e-03 1.195641517099046869e+00 1.302103420072816794e-03 -1.935552914429848029e-04 7.227000367211522175e-04 7.850320519721434493e+02 6.076294860533234532e-01 1.040285508919381741e+01 -9.613511282708591565e+00 1.453189671889423717e+00 3.323897607139272736e+00 -5.906618258206903960e+01 -5.471119846210925886e+01 1.378961298808470204e+01 1.287821897492025755e+03 1.184009515308972550e+04 9.644215887832250473e+02 -2.969278622749990139e-03 -3.975480497864848639e-02 -9.630036433725949752e-02 -1.315251115628277186e-02 -2.274964165768918190e-02 2.324029526044345817e-01
-2.718214237920360543e-02 -3.938888575170759049e-02 -3.457558935306090288e-03 -4.904713309534853476e-04 -2.790647493081472186e-03 5.504016445261640522e-03 5.481662286195247979e-01 1.721458755920041118e-03 2.891676836422358708e-04 1.108848862582605636e-04 -6.166935820934570529e+02 -1.665514333246481404e-01 -3.666789577269766287e+00 4.734935735724631556e+00 -2.251851722719060422e+00 5.647495370602159115e-01 4.012170857396175627e+00 -2.585636997035835805e+01 1.217284445464549663e+02 -4.532736549103253765e+02 9.644215887832250473e+02 1.303890511451320708e+04 1.407806170307383288e-02 3.669426153448795275e-02 -2.725695447457143414e-02 2.289346321733877129e-02 5.820935730135651243e-02 5.036930923866422827e-01
2.490056412170146849e-05 1.519939217998052895e-06 1.625289282263121263e-06 5.273654143358404281e-08 3.243123801097175606e-06 4.503793348650207888e-06 1.161472012387038331e-05 2.966038244109982766e-07 -8.685453733795658425e-08 -9.847397893968958867e-08 -8.225674930522255263e-03 1.078192317028053989e-05 3.843704939437278599e-04 -1.463387180719478845e-04 -1.597868763342272214e-04 5.417744919037610716e-04 8.082279319710453797e-04 1.451303318635985577e-03 -1.580670297415675413e-02 -2.967735068914188409e-02 -2.969278622749990139e-03 1.407806170307383288e-02 1.501318114989737967e-03 2.740295144463058283e-04 8.619483189662702612e-06 -4.202609839193489818e-04 -6.318180698112788358e-06 1.135749400430966622e-04
4.459533607794648061e-06 2.416795736304330977e-06 -2.143575002648128921e-07 -1.034521007451578968e-07 4.551608706342364467e-07 -3.095542712702735466e-07 1.892030528892126061e-04 7.854747116847261827e-07 -1.632675306705708238e-08 2.135292372946700554e-08 -7.025450445422651811e-03 4.919107299500936675e-05 -7.662609760012387573e-04 3.340100572977485046e-04 6.527448533972709513e-04 -5.940061194282868174e-04 1.195583834569269061e-04 7.436532924324203370e-04 1.322789396356863038e-02 3.304291339737934485e-02 -3.975480497864848639e-02 3.669426153448795275e-02 2.740295144463058283e-04 9.110653938672946470e-04 -5.002202807975807217e-06 7.235603369346128508e-04 1.745974039583166691e-05 -5.323888898387703892e-05
5.879434532277495929e-06 -1.557653332010478901e-06 9.535370115419365078e-07 -2.858249157335028874e-07 3.052307213038157347e-06 -3.959284937636826405e-07 -2.197601695574609502e-04 2.072958604304109716e-08 6.697390979478173416e-07 2.114540180680199695e-07 -1.021671765118963016e-02 1.730470310526117743e-04 -2.697900349318558925e-03 2.734442691005822997e-03 1.159269744102411947e-03 1.574917527566031990e-04 2.334398776678512418e-03 5.205681644570542103e-03 -2.165691824025420958e-02 2.967265996612006990e-02 -9.630036433725949752e-02 -2.725695447457143414e-02 8.619483189662702612e-06 -5.002202807975807217e-06 8.120144162337814345e-03 -6.093775316481914133e-06 1.866841776635782836e-05 -2.011160525917354001e-04
1.112241188880603099e-05 -5.011508389040175666e-06 3.211329910523866599e-08 -5.621047316350479108e-07 6.113657846167719500e-06 -7.232817310784954670e-06 -1.568439894877630362e-04 8.133634958330890357e-07 -4.266573401212445701e-08 2.855300923201685603e-07 -1.302314961118991934e-02 -2.892001374388104775e-05 -1.861395780612439335e-03 4.768464022459510199e-04 -6.239112451806224377e-04 -7.679831800064954635e-04 -9.833378957775488517e-04 5.420918127925744264e-04 1.271564098540888255e-01 3.289113365409673112e-02 -1.315251115628277186e-02 2.289346321733877129e-02 -4.202609839193489818e-04 7.235603369346128508e-04 -6.093775316481914133e-06 3.266517709290104546e-03 4.264748780966728714e-05 -9.359397145903029444e-05
4.320402569717438415e-05 7.774979482163181741e-06 4.212067997370966269e-06 2.573799990737309777e-07 5.424985634287920818e-06 5.040403649544949716e-06 7.753164287951380091e-06 7.309823619834261494e-07 9.311367171286625718e-08 2.621220433587040205e-07 9.858954427855570052e-04 2.250442716811869694e-04 -2.570978915974298385e-03 2.016254915136005913e-03 -9.092114060211445954e-04 3.506969750835822958e-04 1.436562770229202364e-04 -3.249253523573378353e-03 2.793425961073858418e-02 3.565235687930327652e-03 -2.274964165768918190e-02 5.820935730135651243e-02 -6.318180698112788358e-06 1.745974039583166691e-05 1.866841776635782836e-05 4.264748780966728714e-05 8.084376413437455167e-03 -7.501294011304073873e-05
1.057876258674842309e-04 1.654636241624252743e-04 2.762684169860285429e-05 4.914944999838411441e-06 3.752029274266657329e-06 -1.266635591747137684e-05 1.158162386835127856e-03 -6.248567480639058796e-06 1.444353855017522459e-06 2.374049489073643485e-06 -4.115157133473135859e-02 1.870419847410864905e-03 -1.308345424411491015e-02 8.978505439940139346e-03 -4.396887513863850273e-03 2.203744304601791375e-03 1.585834997489208578e-03 3.138951980651963347e-02 3.415094986060452503e-02 1.024867756222459736e+00 2.324029526044345817e-01 5.036930923866422827e-01 1.135749400430966622e-04 -5.323888898387703892e-05 -2.011160525917354001e-04 -9.359397145903029444e-05 -7.501294011304073873e-05 2.897689559169627782e-01
