# logA ns theta_MC_100 omegabh2 omegach2 tau DES_DZ_S1 DES_DZ_S2 DES_DZ_S3 DES_DZ_S4 DES_M1 DES_M2 DES_M3 DES_M4 A_planck calib_100T calib_217T A_cib_217 xi_sz_cib A_sz ksz_norm gal545_A_100 gal545_A_143 gal545_A_143_217 gal545_A_217 ps_A_100_100 ps_A_143_143 ps_A_143_217 ps_A_217_217 galf_TE_A_100 galf_TE_A_100_143 galf_TE_A_100_217 galf_TE_A_143 galf_TE_A_143_217 galf_TE_A_217 DES_A1_1 DES_A1_2 DES_A2_1 DES_A2_2 DES_BTA_1
5.859530798223683929e-04 2.984281417559720285e-04 4.950570278426235250e-05 7.770185606171296571e-06 1.767885828784116156e-05 1.306047649051117823e-04 1.809177327929406474e-06 6.746679095134711914e-07 -6.317877679520893210e-06 -6.067754233528790020e-06 -4.367004322065607019e-07 1.990274409909123056e-06 -5.287963868543630649e-06 -5.089203857603086855e-06 9.091197938452893505e-06 4.404239204722137225e-07 4.749210771633114821e-08 -4.743129813492968742e-03 -4.510780392211502873e-05 -4.516476911346372670e-04 7.868160942156678702e-05 9.000220859277788862e-04 -9.443662231496496959e-05 -4.786098494777062335e-04 1.396851319043989747e-03 -4.115735079316369671e-02 -3.635727448268463204e-03 1.597217812785650670e-02 -7.912704542116741693e-03 -6.081796685300941161e-06 2.461748994555800290e-06 4.774130271291546165e-06 -4.446515193052487311e-06 -1.204409352297711648e-05 -2.388497168730517952e-05 1.726943323775689734e-03 7.002800445562854838e-03 5.529590881725924070e-03 -7.122734948338676174e-03 8.879176521064557513e-04
2.984281417559720285e-04 2.823104016163064268e-04 4.136763791915143440e-05 6.698699551780659110e-06 1.363975376081104699e-05 1.871536937455039573e-05 -5.328560700979097489e-08 3.547806919507863006e-07 -1.491894593731680227e-06 -1.990088478986073974e-06 -4.317049625786782796e-07 1.461700227032426746e-06 -1.329897456894647899e-06 -1.751576252204207495e-06 -1.537749795306683326e-06 1.453539130902461405e-07 4.084689573371270201e-08 -2.477024966673927950e-03 -2.115342870774893620e-05 -2.028409013789570458e-04 -6.293694747706412017e-06 1.429260949799654196e-03 2.978779151416449124e-04 -1.231462275026756029e-05 -3.387853584703927768e-04 -3.377772052960691801e-02 -6.676101636794853217e-03 5.749020223535909919e-03 2.438140302254681886e-03 -5.865882712983388309e-06 3.026906429132250332e-06 3.301166709309745218e-06 -1.217221594369903260e-06 -4.072773705917239280e-06 -5.941962930946114482e-05 7.896734528035200072e-04 3.823499701785732126e-03 3.159451722188790727e-03 -3.817333271901774978e-03 1.190209573966927821e-03
4.950570278426235250e-05 4.136763791915143440e-05 9.637258713809989321e-06 1.331331314738007471e-06 3.946694907592001595e-06 1.179033000469629073e-06 1.544943472725353605e-07 4.580300476635024451e-08 -4.833702516903682517e-07 -5.247141226939117460e-07 -6.878337871628504338e-08 2.273988753538189831e-07 -3.490373539428293434e-07 -3.866875648171571238e-07 -1.930991195388584149e-07 1.314618648278283008e-08 3.725029913922009997e-09 -3.374876869901444350e-04 -6.579942874999545233e-06 3.665253289775407571e-05 -7.798246873106153588e-07 2.060091589502799391e-04 3.934735354283329557e-05 4.854278230296972231e-05 4.138067098639685321e-06 6.077377520752097820e-03 7.659934036684988784e-04 1.578727663199756869e-03 -1.147071348505714680e-03 -1.051746773303837890e-06 -1.841532096773075410e-07 1.050307483923423740e-06 -6.090016923438674879e-08 -8.587907513731106551e-07 -1.216018220683938264e-05 1.665069930743626463e-04 7.405423092074147305e-04 6.072805042931494210e-04 -7.564981537143875522e-04 1.742800551489526162e-04
7.770185606171296571e-06 6.698699551780659110e-06 1.331331314738007471e-06 2.318786087527295817e-07 4.409423218880865482e-07 5.260089679016686318e-07 -4.682337189752908203e-09 1.825117738272415035e-08 -4.176153990764139614e-09 -3.278673184244902794e-08 -7.921277190655839519e-09 3.003422391275920772e-08 -2.250143703410065504e-09 -1.916740188868882417e-08 -1.729510662027372491e-08 8.584654993822431206e-09 6.263341523681588745e-10 -1.232775442351868433e-04 -9.751868245080775257e-07 -1.929136424427342389e-06 4.472398156974752208e-06 2.890953789990665420e-05 6.039215002267297894e-06 6.701006924860389817e-06 1.143066126830092899e-05 3.140166203054262431e-04 -8.468373958479675470e-05 5.474256175168817429e-04 -7.700426898081003406e-05 -1.605088201253572039e-07 -6.732907368367991073e-08 1.163271363087310126e-07 -1.290024363530647194e-07 -3.778655314096459878e-08 -1.612933957395801647e-06 1.462355739719434111e-05 7.602728799038966940e-05 6.343678347217204751e-05 -7.372041034994117976e-05 3.087232648484778845e-05
1.767885828784116156e-05 1.363975376081104699e-05 3.946694907592001595e-06 4.409423218880865482e-07 3.464323194589859431e-06 -3.384006894216637929e-06 4.733868586034176062e-07 -1.937011042355113190e-08 -1.185739597688110822e-06 -8.322480650939136395e-07 -3.558732191094364716e-08 1.905685051076059754e-07 -8.188210272996722521e-07 -6.996972120373798783e-07 -3.435360362874732263e-07 -1.658379859215302569e-09 2.604743688597616539e-09 2.275141577258826651e-05 -1.414321072794514309e-06 1.220256331871602404e-05 7.504978338082260577e-06 4.813818425540338707e-05 9.092083980869307018e-06 1.159274976931397690e-05 9.410061098925706250e-06 2.789767180524836687e-03 3.207603260834662306e-04 -3.126847246988194310e-04 -1.318766472198820271e-03 1.834228199881857925e-07 9.854850262745949275e-08 9.224611775395005339e-07 1.000186820825498210e-06 -5.393373366932309102e-07 -9.571958935286742476e-06 2.093687836465166338e-04 7.777754744784936853e-04 6.476851065311012724e-04 -8.679635150602504423e-04 1.662704298531115393e-05
1.306047649051117823e-04 1.871536937455039573e-05 1.179033000469629073e-06 5.260089679016686318e-07 -3.384006894216637929e-06 6.708989850619608876e-05 -2.594729576681041851e-07 2.691131408465382410e-07 2.260393342023236370e-07 -2.589420697895732520e-07 -2.940727045959899846e-08 4.706414318396837591e-08 -2.543617137700165057e-07 -2.480983025348777344e-07 -2.276620744618234802e-07 3.481868371279556001e-08 3.561238874223129393e-09 -4.038074979238679405e-04 -1.272318065687344145e-05 9.036816808177922671e-07 -6.177349057021969342e-05 1.395906608813546161e-04 9.845197363785594317e-06 -1.423216209209908338e-04 -1.830196726521114237e-04 -3.351427873992303581e-03 5.477200803555993223e-03 5.311020332384939514e-03 -7.562243987071685198e-04 -1.035695065886870688e-06 2.234821521779254226e-07 -1.471959944155417856e-06 -3.983566308830612826e-06 -2.065419279631896644e-06 2.981730025985773451e-05 7.644488469732427173e-05 2.682245232546494199e-04 1.539801139226257135e-04 -2.058622825180839752e-04 1.923407157625849880e-06
1.809177327929406474e-06 -5.328560700979097489e-08 1.544943472725353605e-07 -4.682337189752908203e-09 4.733868586034176062e-07 -2.594729576681041851e-07 2.393229603443995334e-05 1.006410982239885275e-06 -3.808095304003713206e-07 -7.740132795420879474e-08 -1.287542597151145827e-07 2.181087040076445743e-07 4.286580907185391426e-08 -4.424537912057526761e-08 3.572699751116189289e-08 -2.281457982497620777e-09 -1.034144093849309599e-08 -1.105087780395495281e-04 2.272772121454505234e-06 2.287435062364304458e-06 3.183507653476875962e-05 2.522699188199567169e-05 -3.449765624617712894e-05 -1.483127965618911807e-04 -2.295865589721886790e-04 -1.093372297467507231e-03 3.221530371275332970e-04 -2.311619878467507071e-03 -1.993121640963154556e-03 1.453375208268359721e-06 1.946994226422431553e-07 -6.850891636383495295e-07 -3.833368510965412706e-07 -7.287833727061269465e-07 1.530848168987676382e-05 -2.106878646671230009e-05 -1.166598143864566771e-03 1.740332569863177567e-04 -5.208617204357796765e-04 -1.842358644513941140e-05
6.746679095134711914e-07 3.547806919507863006e-07 4.580300476635024451e-08 1.825117738272415035e-08 -1.937011042355113190e-08 2.691131408465382410e-07 1.006410982239885275e-06 2.292327497836659845e-05 3.166107404805707189e-07 4.151809163311391963e-07 2.012599911829521127e-07 -7.001782710575431189e-07 2.582893166457047821e-07 2.839068399504949784e-07 -1.656404623132032424e-09 8.042098102073867512e-09 9.077824506157281612e-09 7.698254025505020699e-04 4.440390471461018573e-06 -1.184459972887606662e-05 4.155891403816961983e-05 2.966695266026221398e-05 2.097463819746310962e-06 -8.756747008702941255e-05 -2.535136268402446110e-04 -2.043802784325903703e-04 5.810802240504180701e-04 7.610598876830811403e-04 -2.592041180588156740e-04 -3.794078451143206474e-07 -1.951991757938511359e-07 -3.180886087779539606e-07 9.712199004808136918e-07 -5.597933726929315432e-08 -4.546998253081364140e-07 2.427147849574473430e-04 1.082151704950988589e-03 -2.098476401296005565e-05 3.559660560886139508e-05 -3.602067754049777075e-05
-6.317877679520893210e-06 -1.491894593731680227e-06 -4.833702516903682517e-07 -4.176153990764139614e-09 -1.185739597688110822e-06 2.260393342023236370e-07 -3.808095304003713206e-07 3.166107404805707189e-07 2.371652090605753057e-05 6.083257695983818196e-07 -6.710086066591228406e-08 2.676348688529354947e-07 -8.242679578671874699e-07 5.582236543830873249e-07 -7.301282030061012909e-08 2.040474142040902232e-09 8.888995215933590882e-09 -1.722650088001256180e-04 7.625299483940430187e-07 3.639961907671427215e-06 6.735078056487193999e-06 1.263493742865235743e-05 3.071549270259657641e-05 -2.680163011533002039e-05 -1.047932726807122091e-04 -2.224063432650121106e-03 -2.954301007820088650e-03 3.239083805649062243e-04 1.172706147798005744e-03 -1.552870197268127361e-07 7.299064939371055173e-07 6.811817833141028173e-07 7.758777024473433635e-07 1.618837208534144845e-06 -4.435281770771480424e-06 -1.073469834693821295e-04 -1.658153384875914280e-04 -1.739281869998751716e-04 1.889172439040108736e-04 4.138821514636916246e-05
-6.067754233528790020e-06 -1.990088478986073974e-06 -5.247141226939117460e-07 -3.278673184244902794e-08 -8.322480650939136395e-07 -2.589420697895732520e-07 -7.740132795420879474e-08 4.151809163311391963e-07 6.083257695983818196e-07 2.396477667941085871e-05 -1.486790569525450841e-07 1.411106757780835764e-07 6.609721597421512287e-07 -7.991494078239609067e-07 -1.167921749681453845e-07 -2.224474194267520034e-09 -1.893389347106804134e-08 1.253342730042232689e-05 -5.260273939249480711e-06 3.061600054407367650e-05 -3.842550770889615025e-05 5.410672973028658674e-05 -9.799145223960702391e-06 -5.625531227256472234e-05 -2.752979782976355859e-05 -8.385861676290129896e-04 2.816499942146502501e-04 2.332658104715598212e-03 4.628417528720704275e-04 4.818832383755389038e-07 -7.012889372863992404e-08 -1.234321881076083303e-06 -9.900632391640959141e-07 5.883614574410288138e-08 3.192587315949404903e-06 -4.591218275459992942e-05 -2.055442961729892243e-06 -1.330688476663616302e-04 1.500277594274570690e-04 1.855308434123949108e-05
-4.367004322065607019e-07 -4.317049625786782796e-07 -6.878337871628504338e-08 -7.921277190655839519e-09 -3.558732191094364716e-08 -2.940727045959899846e-08 -1.287542597151145827e-07 2.012599911829521127e-07 -6.710086066591228406e-08 -1.486790569525450841e-07 2.487464215207165586e-05 1.629832716060357697e-07 -5.107608996133084406e-08 -1.489918345066600581e-08 2.638468071835557469e-08 5.860252548562041103e-09 -1.518010266282363023e-08 8.608764446717944243e-05 -2.776154529502733012e-06 2.309853815511654880e-06 2.063437802597886978e-05 3.098183525733517928e-06 9.081441083480829311e-06 -2.034288830310602237e-05 4.945969401683505804e-05 -7.391201577870125253e-04 3.332982381263961441e-04 2.382230301296304250e-03 2.838557074996087156e-04 4.530541757941169472e-07 1.007491236480169519e-07 5.980603486724413398e-07 -1.131908989265042367e-07 -1.335359918780921425e-07 -2.341310789345574033e-07 -1.372503651293483827e-05 -2.044432764171411640e-04 -6.821985362665618268e-05 2.533180318242205485e-04 -3.631247330598385003e-05
1.990274409909123056e-06 1.461700227032426746e-06 2.273988753538189831e-07 3.003422391275920772e-08 1.905685051076059754e-07 4.706414318396837591e-08 2.181087040076445743e-07 -7.001782710575431189e-07 2.676348688529354947e-07 1.411106757780835764e-07 1.629832716060357697e-07 2.443036539154399192e-05 1.634373756641531276e-07 1.693930970637233421e-07 -2.375276334473625356e-08 7.884210550277750480e-09 -1.892147182839227242e-08 -1.039729791469006171e-04 -4.059993605346962988e-06 -4.444448595676896927e-05 5.779210622532376246e-05 -9.752035686568464180e-06 7.390705550096306205e-06 -4.351788511125759246e-05 1.521211905416518052e-07 -1.863958398828670154e-03 -8.701318659873057441e-04 8.696232163142758771e-04 -1.329487377671220542e-03 1.061438378479430230e-07 2.718858222647403790e-07 7.989755783784656746e-07 8.052249764908440567e-08 1.175983007284768164e-06 -1.267184180651935231e-07 4.793564684353370653e-05 8.897475183646928081e-05 1.784040106790604275e-04 -3.407470861138619405e-04 -5.065388387890372722e-05
-5.287963868543630649e-06 -1.329897456894647899e-06 -3.490373539428293434e-07 -2.250143703410065504e-09 -8.188210272996722521e-07 -2.543617137700165057e-07 4.286580907185391426e-08 2.582893166457047821e-07 -8.242679578671874699e-07 6.609721597421512287e-07 -5.107608996133084406e-08 1.634373756641531276e-07 2.409611010984830321e-05 6.574953581097553006e-07 -3.857833766561783404e-08 -7.805092075812332948e-09 5.921114486642072693e-09 4.901902112887660456e-04 -8.540542717746919224e-06 -9.415421517744567911e-06 3.910305348615910676e-05 -4.114253564872126559e-06 3.919666001458087857e-06 -8.943993464147053654e-06 -8.817905578005318101e-05 1.349228127869703600e-03 5.238868642419001499e-04 3.816572478032259890e-03 -1.600880431189271626e-03 -9.961917754847830106e-07 -3.204007177033718090e-07 -3.825269231053016868e-07 -1.043487203187417740e-07 4.171515735897190964e-07 5.646566456090090999e-06 -4.885878095586278875e-05 -7.357822988546096083e-05 -7.492206719916899810e-05 8.696461141812823029e-06 1.960142536343467175e-05
-5.089203857603086855e-06 -1.751576252204207495e-06 -3.866875648171571238e-07 -1.916740188868882417e-08 -6.996972120373798783e-07 -2.480983025348777344e-07 -4.424537912057526761e-08 2.839068399504949784e-07 5.582236543830873249e-07 -7.991494078239609067e-07 -1.489918345066600581e-08 1.693930970637233421e-07 6.574953581097553006e-07 2.414850623657277922e-05 -4.169698725763983963e-08 -4.871726566651245225e-09 -8.427586270584749258e-09 -1.222294275572257467e-04 4.027923481061415772e-06 1.319446175572183546e-05 -5.417795281386445404e-06 -1.277211617501554135e-05 4.885387282877629558e-06 6.187493566393326742e-06 -2.204011369822884335e-05 6.528170883107917112e-04 5.436977798562726534e-04 -1.434016642230700458e-03 6.560229275379191125e-04 -2.204436225363186211e-07 3.086256055144217668e-07 -3.402752019968921298e-08 -1.274383788000236782e-07 6.082630037354835880e-07 1.598485544091256045e-06 1.344679579214437140e-05 1.992391207657579703e-04 -1.103829598663336208e-04 1.167978750526854902e-04 2.907782903200140687e-05
9.091197938452893505e-06 -1.537749795306683326e-06 -1.930991195388584149e-07 -1.729510662027372491e-08 -3.435360362874732263e-07 -2.276620744618234802e-07 3.572699751116189289e-08 -1.656404623132032424e-09 -7.301282030061012909e-08 -1.167921749681453845e-07 2.638468071835557469e-08 -2.375276334473625356e-08 -3.857833766561783404e-08 -4.169698725763983963e-08 6.107129365581904064e-06 5.336468369315524231e-10 -3.278959595223767630e-09 2.538019915255916169e-04 3.261129383561331664e-07 -7.087244755067424164e-06 1.259397054484307044e-05 -1.504780307450701537e-05 -2.636318656228930709e-05 2.593218583266518931e-05 7.963720630173154848e-04 1.019184229806107105e-03 1.219077430833291620e-03 -8.509397339565268406e-04 -2.155672110109041484e-04 -7.858777607793920402e-08 -3.915837644225382683e-07 6.859860364877739124e-07 -1.904737823998759086e-07 2.745489962708285057e-08 2.407067208957264813e-06 1.488472143937538926e-05 4.970715887990881246e-05 -8.624517054714098325e-06 8.544374037724953091e-06 -1.788134236024121099e-05
4.404239204722137225e-07 1.453539130902461405e-07 1.314618648278283008e-08 8.584654993822431206e-09 -1.658379859215302569e-09 3.481868371279556001e-08 -2.281457982497620777e-09 8.042098102073867512e-09 2.040474142040902232e-09 -2.224474194267520034e-09 5.860252548562041103e-09 7.884210550277750480e-09 -7.805092075812332948e-09 -4.871726566651245225e-09 5.336468369315524231e-10 4.377298246087372075e-07 -8.920314596924879144e-11 -7.783876365526080823e-05 1.102688208189452942e-06 3.859763401261618058e-05 -2.913632149555036281e-05 1.036293973397550043e-04 -1.043184080227349292e-04 -5.099956927957136993e-05 5.783299090163980549e-05 3.877134726535977610e-03 -4.221836056445851977e-03 -3.888124757823510343e-05 1.653566530595066125e-05 7.128765890250333469e-08 -4.235870589524048171e-08 -9.938202327024734431e-08 -1.755150752995533352e-07 1.082404366667627782e-07 2.084308473034846486e-07 7.366951280309953521e-07 5.053173070592004982e-06 1.137048406090200666e-06 -1.056471567624473402e-06 -1.388086189159117447e-09
4.749210771633114821e-08 4.084689573371270201e-08 3.725029913922009997e-09 6.263341523681588745e-10 2.604743688597616539e-09 3.561238874223129393e-09 -1.034144093849309599e-08 9.077824506157281612e-09 8.888995215933590882e-09 -1.893389347106804134e-08 -1.518010266282363023e-08 -1.892147182839227242e-08 5.921114486642072693e-09 -8.427586270584749258e-09 -3.278959595223767630e-09 -8.920314596924879144e-11 4.146906091983109553e-07 5.381616610881603422e-04 -6.672242101960091286e-07 -1.049020238125719733e-05 6.010901928868606583e-06 -4.355928389678947248e-07 -1.984378070956694697e-05 2.665394830227727028e-04 5.361844005912129668e-04 -3.014630623219981720e-04 -1.293615239601704926e-03 1.679386357609808679e-03 1.552412989842813160e-04 -3.640268613251439133e-08 -4.478806526729822817e-08 -2.568973546934378832e-07 -6.257837223706844722e-08 7.278506244417115980e-08 -3.077420827304903293e-07 1.273818751052985222e-07 4.073626352704843364e-06 7.861817344340109005e-07 -2.814839412480876442e-07 -3.404547882045453399e-07
-4.743129813492968742e-03 -2.477024966673927950e-03 -3.374876869901444350e-04 -1.232775442351868433e-04 2.275141577258826651e-05 -4.038074979238679405e-04 -1.105087780395495281e-04 7.698254025505020699e-04 -1.722650088001256180e-04 1.253342730042232689e-05 8.608764446717944243e-05 -1.039729791469006171e-04 4.901902112887660456e-04 -1.222294275572257467e-04 2.538019915255916169e-04 -7.783876365526080823e-05 5.381616610881603422e-04 4.613728033373334370e+02 -1.237644535871985779e-01 -1.060929168328861749e+00 7.150363559984195261e-01 2.641666594285318470e-01 1.986540192006217287e-01 -1.965234536233348805e+01 -6.296740119580567097e+01 5.012562314223198001e+01 -1.895238926499988565e+02 7.786606039017037801e+02 -6.038196749171644342e+02 -2.557126405025073219e-03 1.579920939158524452e-03 -1.273093620845870688e-03 -6.016671532714483114e-03 -2.647298544387548247e-03 2.440316611229500273e-03 -1.722851388870829531e-02 -8.134463861881949254e-02 2.848777726399718754e-02 -7.799605221748502626e-02 -3.303724456931294434e-02
-4.510780392211502873e-05 -2.115342870774893620e-05 -6.579942874999545233e-06 -9.751868245080775257e-07 -1.414321072794514309e-06 -1.272318065687344145e-05 2.272772121454505234e-06 4.440390471461018573e-06 7.625299483940430187e-07 -5.260273939249480711e-06 -2.776154529502733012e-06 -4.059993605346962988e-06 -8.540542717746919224e-06 4.027923481061415772e-06 3.261129383561331664e-07 1.102688208189452942e-06 -6.672242101960091286e-07 -1.237644535871985779e-01 8.317024255475997940e-02 2.674252933698543621e-03 -4.310855162919428429e-04 -2.971734284392166248e-03 1.969029211610700061e-03 1.226317191619417414e-02 -3.119190393721574424e-03 -2.781511222374715708e-01 -8.050096257036780389e-02 6.144012315085288778e-01 -2.838067834361916453e-01 3.822121085897546122e-05 1.487838428834243202e-05 -4.618480114035378094e-05 2.222319527993243295e-05 -1.930733674689880314e-04 -2.710010792567170708e-05 3.924473057075762022e-04 1.117627402384998745e-03 -4.062071450615292379e-06 1.824517996930170253e-04 -3.041851389829713538e-05
-4.516476911346372670e-04 -2.028409013789570458e-04 3.665253289775407571e-05 -1.929136424427342389e-06 1.220256331871602404e-05 9.036816808177922671e-07 2.287435062364304458e-06 -1.184459972887606662e-05 3.639961907671427215e-06 3.061600054407367650e-05 2.309853815511654880e-06 -4.444448595676896927e-05 -9.415421517744567911e-06 1.319446175572183546e-05 -7.087244755067424164e-06 3.859763401261618058e-05 -1.049020238125719733e-05 -1.060929168328861749e+00 2.674252933698543621e-03 4.592078982070997739e+00 -3.618191891193212939e+00 -8.468524800456932178e-02 4.623591778156964371e-02 4.735616869373823201e-01 4.384049492795095704e-01 -4.696929075778251139e+00 2.036042782707789267e-01 8.635782511134332040e+00 -3.670122151303452096e+00 4.512168036480542431e-04 -8.618320490098077660e-06 -7.238038070460750106e-04 -8.181957425249589404e-05 -9.208567496095466974e-04 -6.179327691239077346e-03 3.736131061650712487e-03 2.554675695281767231e-02 -4.160332883475490774e-03 7.393261281310992659e-03 2.592301552054383524e-03
7.868160942156678702e-05 -6.293694747706412017e-06 -7.798246873106153588e-07 4.472398156974752208e-06 7.504978338082260577e-06 -6.177349057021969342e-05 3.183507653476875962e-05 4.155891403816961983e-05 6.735078056487193999e-06 -3.842550770889615025e-05 2.063437802597886978e-05 5.779210622532376246e-05 3.910305348615910676e-05 -5.417795281386445404e-06 1.259397054484307044e-05 -2.913632149555036281e-05 6.010901928868606583e-06 7.150363559984195261e-01 -4.310855162919428429e-04 -3.618191891193212939e+00 7.322951930548501132e+00 4.508164449730785173e-02 -4.893412931429499263e-02 -3.785887792632872118e-01 -3.099489112240982336e-01 2.999342455861055079e+00 -4.112545794890545281e-01 -7.043708416233182668e+00 3.092694744706732557e+00 -3.737051077857050040e-04 -1.411430138541449773e-04 4.907062645628569066e-04 -4.150738023488452022e-05 4.100735428437933560e-04 3.790366176794277876e-03 -1.083829034388447297e-03 -1.747211926374176577e-02 2.906731365771842140e-03 -4.648596328793117363e-03 -4.635343590212773722e-03
9.000220859277788862e-04 1.429260949799654196e-03 2.060091589502799391e-04 2.890953789990665420e-05 4.813818425540338707e-05 1.395906608813546161e-04 2.522699188199567169e-05 2.966695266026221398e-05 1.263493742865235743e-05 5.410672973028658674e-05 3.098183525733517928e-06 -9.752035686568464180e-06 -4.114253564872126559e-06 -1.277211617501554135e-05 -1.504780307450701537e-05 1.036293973397550043e-04 -4.355928389678947248e-07 2.641666594285318470e-01 -2.971734284392166248e-03 -8.468524800456932178e-02 4.508164449730785173e-02 3.505298804790274225e+00 4.203636696332588851e-01 4.659407931699768163e-02 -1.115460597322701225e-01 -7.673887659115376181e+00 6.970799162206133381e+00 1.675643061425940106e+00 -2.347551437635276572e-01 -4.873872551597729637e-04 4.162447924397553295e-04 -8.909692955494797739e-04 -8.097282577423432120e-04 4.387291121963645649e-04 5.478644417661063248e-03 -6.706761803506832136e-04 1.043681394492622719e-02 1.016736633119696802e-02 -1.351667277148352157e-02 1.159513865353102406e-02
-9.443662231496496959e-05 2.978779151416449124e-04 3.934735354283329557e-05 6.039215002267297894e-06 9.092083980869307018e-06 9.845197363785594317e-06 -3.449765624617712894e-05 2.097463819746310962e-06 3.071549270259657641e-05 -9.799145223960702391e-06 9.081441083480829311e-06 7.390705550096306205e-06 3.919666001458087857e-06 4.885387282877629558e-06 -2.636318656228930709e-05 -1.043184080227349292e-04 -1.984378070956694697e-05 1.986540192006217287e-01 1.969029211610700061e-03 4.623591778156964371e-02 -4.893412931429499263e-02 4.203636696332588851e-01 3.409508928494778601e+00 2.533204018208218500e+00 2.335995954434925803e+00 8.186486658023536478e+00 -1.353319419000456669e+01 4.470867291532813148e+00 -9.638620907116783876e-01 3.192898558123930647e-04 -3.466509427918392774e-04 1.411682632105486809e-04 1.853092701125719417e-04 5.674109236045916417e-04 2.546498077710828995e-03 -1.939202189047146757e-03 -2.948080940780426859e-05 1.886955217824329810e-03 -1.818032302514356255e-03 4.789194199451701772e-03
-4.786098494777062335e-04 -1.231462275026756029e-05 4.854278230296972231e-05 6.701006924860389817e-06 1.159274976931397690e-05 -1.423216209209908338e-04 -1.483127965618911807e-04 -8.756747008702941255e-05 -2.680163011533002039e-05 -5.625531227256472234e-05 -2.034288830310602237e-05 -4.351788511125759246e-05 -8.943993464147053654e-06 6.187493566393326742e-06 2.593218583266518931e-05 -5.099956927957136993e-05 2.665394830227727028e-04 -1.965234536233348805e+01 1.226317191619417414e-02 4.735616869373823201e-01 -3.785887792632872118e-01 4.659407931699768163e-02 2.533204018208218500e+00 1.897325437391583236e+01 3.265225890548730092e+01 5.907990296795283314e+00 4.555793095694021844e+01 -5.431531083844253516e+01 3.490345733793898564e+00 1.113415501594477736e-03 6.277217900326752687e-04 4.899041836761263823e-04 5.476730433102337353e-05 6.719972880807360480e-04 -2.487858614555556636e-04 -1.661122122915186829e-03 1.256061340605439149e-02 -3.948915192843038303e-03 1.419190269214989746e-02 6.266404532332648172e-03
1.396851319043989747e-03 -3.387853584703927768e-04 4.138067098639685321e-06 1.143066126830092899e-05 9.410061098925706250e-06 -1.830196726521114237e-04 -2.295865589721886790e-04 -2.535136268402446110e-04 -1.047932726807122091e-04 -2.752979782976355859e-05 4.945969401683505804e-05 1.521211905416518052e-07 -8.817905578005318101e-05 -2.204011369822884335e-05 7.963720630173154848e-04 5.783299090163980549e-05 5.361844005912129668e-04 -6.296740119580567097e+01 -3.119190393721574424e-03 4.384049492795095704e-01 -3.099489112240982336e-01 -1.115460597322701225e-01 2.335995954434925803e+00 3.265225890548730092e+01 8.631256282789318846e+01 1.023657277128148246e+00 7.550168317221729808e+01 -4.724824772198237355e+01 -2.359399038999445963e+01 2.563108249449540157e-03 3.819756635775054047e-05 6.252188052237809667e-04 -8.436117770119117866e-05 1.370041652944198286e-03 -4.755216769066231315e-03 1.500942674979859753e-02 7.661053750750057567e-02 3.901168170845753774e-03 1.133234647293562304e-02 -8.733704612340666140e-03
-4.115735079316369671e-02 -3.377772052960691801e-02 6.077377520752097820e-03 3.140166203054262431e-04 2.789767180524836687e-03 -3.351427873992303581e-03 -1.093372297467507231e-03 -2.043802784325903703e-04 -2.224063432650121106e-03 -8.385861676290129896e-04 -7.391201577870125253e-04 -1.863958398828670154e-03 1.349228127869703600e-03 6.528170883107917112e-04 1.019184229806107105e-03 3.877134726535977610e-03 -3.014630623219981720e-04 5.012562314223198001e+01 -2.781511222374715708e-01 -4.696929075778251139e+00 2.999342455861055079e+00 -7.673887659115376181e+00 8.186486658023536478e+00 5.907990296795283314e+00 1.023657277128148246e+00 1.255451979988653511e+04 6.651045969023609814e+02 2.424803524916755659e+00 -5.042436334561315192e+01 2.404497780627224204e-02 -7.991351163497592905e-03 -1.718777971065714102e-02 3.715510699698586911e-02 -1.788120840210043194e-02 8.157712263801696062e-02 -1.741028647650268713e-01 -7.994402822024228028e-01 -5.119811517743511065e-01 7.584669251191934469e-01 -1.262514979902251006e-02
-3.635727448268463204e-03 -6.676101636794853217e-03 7.659934036684988784e-04 -8.468373958479675470e-05 3.207603260834662306e-04 5.477200803555993223e-03 3.221530371275332970e-04 5.810802240504180701e-04 -2.954301007820088650e-03 2.816499942146502501e-04 3.332982381263961441e-04 -8.701318659873057441e-04 5.238868642419001499e-04 5.436977798562726534e-04 1.219077430833291620e-03 -4.221836056445851977e-03 -1.293615239601704926e-03 -1.895238926499988565e+02 -8.050096257036780389e-02 2.036042782707789267e-01 -4.112545794890545281e-01 6.970799162206133381e+00 -1.353319419000456669e+01 4.555793095694021844e+01 7.550168317221729808e+01 6.651045969023609814e+02 1.269541186572590777e+04 1.338041077253357344e+03 -3.675221777365565572e+02 -1.028046700742748371e-02 2.861078305364714996e-02 5.543568295210406227e-02 -3.213957961815655366e-04 4.471159226429340496e-04 -2.007646503695473261e-02 -5.021690182649315298e-02 -6.068267451921791622e-01 -9.003225908935583166e-02 2.131842428095538922e-01 -7.449745674456066669e-02
1.597217812785650670e-02 5.749020223535909919e-03 1.578727663199756869e-03 5.474256175168817429e-04 -3.126847246988194310e-04 5.311020332384939514e-03 -2.311619878467507071e-03 7.610598876830811403e-04 3.239083805649062243e-04 2.332658104715598212e-03 2.382230301296304250e-03 8.696232163142758771e-04 3.816572478032259890e-03 -1.434016642230700458e-03 -8.509397339565268406e-04 -3.888124757823510343e-05 1.679386357609808679e-03 7.786606039017037801e+02 6.144012315085288778e-01 8.635782511134332040e+00 -7.043708416233182668e+00 1.675643061425940106e+00 4.470867291532813148e+00 -5.431531083844253516e+01 -4.724824772198237355e+01 2.424803524916755659e+00 1.338041077253357344e+03 1.182635187177622538e+04 1.060185261486584977e+03 8.578570005297398576e-03 4.950672669580564317e-03 -4.290977531014460167e-02 3.907308763263635243e-02 -1.491731669769389389e-02 7.062140422915898219e-02 -2.803026974179959052e-01 -1.364292931940277231e+00 -6.699312827377131019e-02 6.502643781195632799e-02 7.928767258876617818e-02
-7.912704542116741693e-03 2.438140302254681886e-03 -1.147071348505714680e-03 -7.700426898081003406e-05 -1.318766472198820271e-03 -7.562243987071685198e-04 -1.993121640963154556e-03 -2.592041180588156740e-04 1.172706147798005744e-03 4.628417528720704275e-04 2.838557074996087156e-04 -1.329487377671220542e-03 -1.600880431189271626e-03 6.560229275379191125e-04 -2.155672110109041484e-04 1.653566530595066125e-05 1.552412989842813160e-04 -6.038196749171644342e+02 -2.838067834361916453e-01 -3.670122151303452096e+00 3.092694744706732557e+00 -2.347551437635276572e-01 -9.638620907116783876e-01 3.490345733793898564e+00 -2.359399038999445963e+01 -5.042436334561315192e+01 -3.675221777365565572e+02 1.060185261486584977e+03 1.304247990269396178e+04 -1.448030088332463369e-02 2.809576555272526571e-03 -5.789730244282686837e-03 -7.772816517085462222e-03 -2.126142234922090771e-02 -4.786108114982522144e-02 -1.827687212554132690e-01 -4.423688491240401199e-01 -2.941790460987829814e-01 4.942317739833860801e-01 1.375237155757265683e-01
-6.081796685300941161e-06 -5.865882712983388309e-06 -1.051746773303837890e-06 -1.605088201253572039e-07 1.834228199881857925e-07 -1.035695065886870688e-06 1.453375208268359721e-06 -3.794078451143206474e-07 -1.552870197268127361e-07 4.818832383755389038e-07 4.530541757941169472e-07 1.061438378479430230e-07 -9.961917754847830106e-07 -2.204436225363186211e-07 -7.858777607793920402e-08 7.128765890250333469e-08 -3.640268613251439133e-08 -2.557126405025073219e-03 3.822121085897546122e-05 4.512168036480542431e-04 -3.737051077857050040e-04 -4.873872551597729637e-04 3.192898558123930647e-04 1.113415501594477736e-03 2.563108249449540157e-03 2.404497780627224204e-02 -1.028046700742748371e-02 8.578570005297398576e-03 -1.448030088332463369e-02 1.496358450014093630e-03 2.629837772358603067e-04 -4.834268944363969664e-06 -4.124947287989165728e-04 -8.530840464417950572e-06 9.350854295412369124e-05 -9.918295295067639769e-06 -1.023434640822497402e-04 7.402862075249025289e-05 -1.207121819191183114e-04 -6.675471984229966449e-05
2.461748994555796479e-06 3.026906429132252449e-06 -1.841532096773076733e-07 -6.732907368367992396e-08 9.854850262745932070e-08 2.234821521779254226e-07 1.946994226422428642e-07 -1.951991757938509507e-07 7.299064939371051997e-07 -7.012889372863985786e-08 1.007491236480167931e-07 2.718858222647405907e-07 -3.204007177033713855e-07 3.086256055144224551e-07 -3.915837644225378977e-07 -4.235870589524048833e-08 -4.478806526729822817e-08 1.579920939158522717e-03 1.487838428834248284e-05 -8.618320490098004815e-06 -1.411430138541453568e-04 4.162447924397555464e-04 -3.466509427918390606e-04 6.277217900326753771e-04 3.819756635775010001e-05 -7.991351163497575558e-03 2.861078305364714650e-02 4.950672669580568654e-03 2.809576555272526571e-03 2.629837772358603067e-04 8.976887267921278930e-04 6.271777957030658579e-07 7.103055719889281696e-04 1.418240980347780454e-05 -2.638232503798837214e-05 -1.103340435051426250e-05 5.136940123919708908e-05 1.367645886593830593e-04 -2.062110070850009969e-04 4.290927357661451308e-05
4.774130271291546165e-06 3.301166709309745218e-06 1.050307483923423740e-06 1.163271363087310126e-07 9.224611775395005339e-07 -1.471959944155417856e-06 -6.850891636383495295e-07 -3.180886087779539606e-07 6.811817833141028173e-07 -1.234321881076083303e-06 5.980603486724413398e-07 7.989755783784656746e-07 -3.825269231053016868e-07 -3.402752019968921298e-08 6.859860364877739124e-07 -9.938202327024734431e-08 -2.568973546934378832e-07 -1.273093620845870688e-03 -4.618480114035378094e-05 -7.238038070460750106e-04 4.907062645628569066e-04 -8.909692955494797739e-04 1.411682632105486809e-04 4.899041836761263823e-04 6.252188052237809667e-04 -1.718777971065714102e-02 5.543568295210406227e-02 -4.290977531014460167e-02 -5.789730244282686837e-03 -4.834268944363969664e-06 6.271777957030658579e-07 8.099354956752456355e-03 -1.552367240089858841e-05 1.098545782006633961e-05 -2.891713715401989296e-05 7.883284298084857096e-05 -2.674008722188076989e-04 1.698774256336675799e-04 -2.877978144253188608e-04 -1.687644349938146628e-04
-4.446515193052487311e-06 -1.217221594369903260e-06 -6.090016923438674879e-08 -1.290024363530647194e-07 1.000186820825498210e-06 -3.983566308830612826e-06 -3.833368510965412706e-07 9.712199004808136918e-07 7.758777024473433635e-07 -9.900632391640959141e-07 -1.131908989265042367e-07 8.052249764908440567e-08 -1.043487203187417740e-07 -1.274383788000236782e-07 -1.904737823998759086e-07 -1.755150752995533352e-07 -6.257837223706844722e-08 -6.016671532714483114e-03 2.222319527993243295e-05 -8.181957425249589404e-05 -4.150738023488452022e-05 -8.097282577423432120e-04 1.853092701125719417e-04 5.476730433102337353e-05 -8.436117770119117866e-05 3.715510699698586911e-02 -3.213957961815655366e-04 3.907308763263635243e-02 -7.772816517085462222e-03 -4.124947287989165728e-04 7.103055719889281696e-04 -1.552367240089858841e-05 3.255583379671479413e-03 5.966195312506790489e-06 -1.197903499661744515e-04 8.119618687288843346e-05 5.550896684810869295e-04 2.106806102981430046e-04 -2.548273727629121765e-04 8.249309767964686660e-05
-1.204409352297712156e-05 -4.072773705917240974e-06 -8.587907513731101257e-07 -3.778655314096459216e-08 -5.393373366932308043e-07 -2.065419279631895797e-06 -7.287833727061259936e-07 -5.597933726929111614e-08 1.618837208534144634e-06 5.883614574410388724e-08 -1.335359918780921690e-07 1.175983007284769011e-06 4.171515735897179847e-07 6.082630037354835880e-07 2.745489962708378032e-08 1.082404366667627385e-07 7.278506244417115980e-08 -2.647298544387549548e-03 -1.930733674689880585e-04 -9.208567496095468059e-04 4.100735428437931934e-04 4.387291121963650528e-04 5.674109236045912080e-04 6.719972880807381080e-04 1.370041652944203273e-03 -1.788120840210043194e-02 4.471159226428731716e-04 -1.491731669769387827e-02 -2.126142234922090771e-02 -8.530840464417950572e-06 1.418240980347780454e-05 1.098545782006633961e-05 5.966195312506790489e-06 8.099808726231668560e-03 1.170125138200221715e-04 -3.082242945205205566e-05 -9.348268047373128767e-05 -2.275291790836240927e-04 3.726387019071380493e-04 -1.684455860718174914e-04
-2.388497168730517952e-05 -5.941962930946114482e-05 -1.216018220683938264e-05 -1.612933957395801647e-06 -9.571958935286742476e-06 2.981730025985773451e-05 1.530848168987676382e-05 -4.546998253081364140e-07 -4.435281770771480424e-06 3.192587315949404903e-06 -2.341310789345574033e-07 -1.267184180651935231e-07 5.646566456090090999e-06 1.598485544091256045e-06 2.407067208957264813e-06 2.084308473034846486e-07 -3.077420827304903293e-07 2.440316611229500273e-03 -2.710010792567170708e-05 -6.179327691239077346e-03 3.790366176794277876e-03 5.478644417661063248e-03 2.546498077710828995e-03 -2.487858614555556636e-04 -4.755216769066231315e-03 8.157712263801696062e-02 -2.007646503695473261e-02 7.062140422915898219e-02 -4.786108114982522144e-02 9.350854295412369124e-05 -2.638232503798837214e-05 -2.891713715401989296e-05 -1.197903499661744515e-04 1.170125138200221715e-04 2.906072725946655111e-01 -5.362241223814324291e-04 -2.482718460715427691e-03 -2.129827719714733492e-03 3.209044682848999873e-03 -3.640116324925912555e-04
1.726943323775689734e-03 7.896734528035200072e-04 1.665069930743626463e-04 1.462355739719434111e-05 2.093687836465166338e-04 7.644488469732427173e-05 -2.106878646671230009e-05 2.427147849574473430e-04 -1.073469834693821295e-04 -4.591218275459992942e-05 -1.372503651293483827e-05 4.793564684353370653e-05 -4.885878095586278875e-05 1.344679579214437140e-05 1.488472143937538926e-05 7.366951280309953521e-07 1.273818751052985222e-07 -1.722851388870829531e-02 3.924473057075762022e-04 3.736131061650712487e-03 -1.083829034388447297e-03 -6.706761803506832136e-04 -1.939202189047146757e-03 -1.661122122915186829e-03 1.500942674979859753e-02 -1.741028647650268713e-01 -5.021690182649315298e-02 -2.803026974179959052e-01 -1.827687212554132690e-01 -9.918295295067639769e-06 -1.103340435051426250e-05 7.883284298084857096e-05 8.119618687288843346e-05 -3.082242945205205566e-05 -5.362241223814324291e-04 1.616513758010101887e-01 7.386328807730331292e-01 2.586820004802432502e-02 -4.006136063326243973e-03 -4.859325198595864509e-02
7.002800445562855705e-03 3.823499701785732126e-03 7.405423092074146221e-04 7.602728799038966940e-05 7.777754744784936853e-04 2.682245232546495283e-04 -1.166598143864566554e-03 1.082151704950988806e-03 -1.658153384875914280e-04 -2.055442961729901560e-06 -2.044432764171411369e-04 8.897475183646926726e-05 -7.357822988546096083e-05 1.992391207657578890e-04 4.970715887990878536e-05 5.053173070592004135e-06 4.073626352704836587e-06 -8.134463861881933988e-02 1.117627402384999396e-03 2.554675695281768619e-02 -1.747211926374175883e-02 1.043681394492621851e-02 -2.948080940779021462e-05 1.256061340605435853e-02 7.661053750750054792e-02 -7.994402822024225808e-01 -6.068267451921784961e-01 -1.364292931940277676e+00 -4.423688491240401199e-01 -1.023434640822497402e-04 5.136940123919708908e-05 -2.674008722188076989e-04 5.550896684810869295e-04 -9.348268047373128767e-05 -2.482718460715427691e-03 7.386328807730331292e-01 4.670062588460281106e+00 7.575099783973110457e-02 1.919091633136169595e-01 1.085121363257705307e-01
5.529590881725924070e-03 3.159451722188790727e-03 6.072805042931494210e-04 6.343678347217204751e-05 6.476851065311012724e-04 1.539801139226257135e-04 1.740332569863177567e-04 -2.098476401296005565e-05 -1.739281869998751716e-04 -1.330688476663616302e-04 -6.821985362665618268e-05 1.784040106790604275e-04 -7.492206719916899810e-05 -1.103829598663336208e-04 -8.624517054714098325e-06 1.137048406090200666e-06 7.861817344340109005e-07 2.848777726399718754e-02 -4.062071450615292379e-06 -4.160332883475490774e-03 2.906731365771842140e-03 1.016736633119696802e-02 1.886955217824329810e-03 -3.948915192843038303e-03 3.901168170845753774e-03 -5.119811517743511065e-01 -9.003225908935583166e-02 -6.699312827377131019e-02 -2.941790460987829814e-01 7.402862075249025289e-05 1.367645886593830593e-04 1.698774256336675799e-04 2.106806102981430046e-04 -2.275291790836240927e-04 -2.129827719714733492e-03 2.586820004802432502e-02 7.575099783973110457e-02 2.797306638909741183e-01 -4.747003128727352306e-01 6.554427124221121927e-03
