# logA ns H0 omegabh2 omegach2 tau w w_growth omegam_growth DES_DZ_S1 DES_DZ_S2 DES_DZ_S3 DES_DZ_S4 DES_M1 DES_M2 DES_M3 DES_M4 A_planck calib_100T calib_217T A_cib_217 xi_sz_cib A_sz ksz_norm gal545_A_100 gal545_A_143 gal545_A_143_217 gal545_A_217 ps_A_100_100 ps_A_143_143 ps_A_143_217 ps_A_217_217 galf_TE_A_100 galf_TE_A_100_143 galf_TE_A_100_217 galf_TE_A_143 galf_TE_A_143_217 galf_TE_A_217 DES_A1_1 DES_A1_2 DES_A2_1 DES_A2_2 DES_BTA_1
6.538949156456435327e-04 2.505826345826213755e-04 8.338004128477955260e-03 4.911111475111665722e-06 4.335596247892694889e-05 1.239005463305106736e-04 -1.328476262331262383e-04 1.835822340161751389e-03 -1.001281486350858347e-04 1.424655671095127008e-06 1.146182844855654211e-06 -5.442894828601184486e-06 -6.687499053323610401e-06 -9.743323948793664372e-07 1.682876697119525959e-06 -4.269164413521223532e-06 -4.173383831262471832e-06 9.527241947583221823e-06 4.262693831101293212e-07 -8.805152169880565839e-08 -1.537363962863866687e-03 -9.416900417351907341e-05 -4.050773641084819696e-04 -4.420211364239861709e-06 3.503977069262197781e-04 1.048390387211329796e-04 -3.291277590795637677e-04 2.232660800319575395e-03 -4.736805449718696492e-02 -3.138525172971504823e-02 2.036569188832477312e-02 1.981959704622760637e-02 -9.250794095251473871e-09 1.210137569695216394e-05 1.561135634791246485e-05 2.169532221005728858e-05 -2.255563605302720998e-05 5.689980194956519759e-05 1.959704509673232484e-03 7.723901785818253381e-03 3.522301458996227128e-03 -5.503675800364246640e-03 1.315571211499717450e-03
2.505826345826213755e-04 2.098919480001323608e-04 4.657494393728082993e-03 3.712550573291503419e-06 1.815672447714798164e-05 1.019715611736851812e-05 5.081321127840552677e-05 6.435483186211795421e-04 -1.756014474727713692e-05 2.342861814635371185e-07 3.317953363728660230e-08 -2.552426033926718633e-06 -1.494210286208436242e-06 -3.649163889483693102e-07 1.006383473031713643e-06 -1.353768795274150950e-06 -1.517882579179351943e-06 -8.519989329588152464e-07 5.733215468443065578e-08 -1.469076214429815316e-08 1.935997705316074274e-03 -5.578153094874352841e-05 -1.469004308765935391e-04 -1.887692625900438471e-04 8.905121364137024787e-04 4.652501885168055791e-04 -2.913279780264775923e-04 1.230122987244001160e-05 -4.410006350874527692e-02 -1.671307356618409456e-02 1.832564226736099061e-02 8.567815014665651832e-03 -1.166329008771118192e-06 7.822823064254833783e-06 1.278319063983395930e-05 9.684061609664832907e-06 -1.506255578898610022e-05 1.743140378562351805e-05 7.375460948914155284e-04 3.298164344283907937e-03 2.510553669379621180e-03 -2.884423432953377685e-03 9.590033117654221196e-04
8.338004128477955260e-03 4.657494393728082993e-03 8.839864837057184177e-01 1.307299084118681632e-04 1.127907253889878563e-03 3.073981969577551456e-05 -2.595129850116566564e-02 2.135215015433980165e-02 -2.724652782227101819e-03 2.268052171199190145e-06 4.564403284448312017e-05 -1.253808466058816404e-04 -1.431895162991619257e-04 -2.625932044080856232e-05 4.327886249160162500e-05 -6.659090322159683746e-05 -8.184311662010773127e-05 -4.219229396857171948e-05 4.105635879837513510e-06 1.994556665225539211e-06 -2.560938767837600202e-02 -3.537377465941288234e-04 2.227567480820718052e-02 -2.956144676513011715e-02 6.569624931313078342e-03 3.397844764574908718e-03 1.173051667143180238e-02 8.709593230157607058e-02 -7.715001342843739486e-03 -2.436446262949062691e-01 4.957274711580146875e-01 -8.281137699121275952e-01 1.460459142335553680e-05 2.857523054878251517e-04 2.881897948445874143e-05 4.436313917607558294e-04 1.888449309392196973e-04 -2.110027082518349355e-03 3.503002521978295508e-02 1.632992787776996746e-01 7.253486178839466114e-02 -7.801093840793804635e-02 2.460644072523320708e-02
4.911111475111665722e-06 3.712550573291503419e-06 1.307299084118681632e-04 1.188591532840239825e-07 4.413739342625330620e-07 1.778281468203183713e-07 2.257891547340481785e-06 1.220407059327478863e-05 -5.745457130919626645e-07 5.743037586620659764e-09 6.899668729207481301e-10 -4.368306836877581464e-08 -4.987125976165221497e-08 -1.358180780930259640e-09 1.422920762039228799e-08 -2.420891070042924544e-08 -2.658822041630857421e-08 -1.710091308223500180e-08 5.082650184396936031e-09 -1.319925903912387226e-09 2.672616881126788313e-05 -7.429124389793702278e-07 1.630330133624739759e-06 -4.592633394522477544e-06 1.049096726781353361e-05 5.598128452556745549e-06 7.614780482133112980e-07 1.784220786640617219e-05 -4.744722452646794224e-05 -1.251227739930783412e-04 8.098143915587441505e-04 4.933140081276265153e-05 1.693039083643685490e-08 1.127735376595843732e-07 1.461432967000614834e-07 -7.340082368811296958e-09 -3.286991146803021223e-07 -2.565839263072571644e-07 1.338863927398768835e-05 6.142565055802440472e-05 4.525576765578463511e-05 -5.266556005882470681e-05 1.697259289095494512e-05
4.335596247892694889e-05 1.815672447714798164e-05 1.127907253889878563e-03 4.413739342625330620e-07 7.379119782633458857e-06 -1.252108256732153184e-06 -4.876592593659755565e-05 2.366520802487719663e-04 -1.174706966217819117e-05 -1.710455129748597069e-08 4.822172388244875896e-08 -9.883038108858081890e-07 -7.287816283782046260e-07 -2.149963769859293197e-08 1.962087875896412622e-07 -5.806966200756737380e-07 -5.658407569172262294e-07 -1.365191521264573887e-07 1.619381310259351324e-08 -1.583760845506029166e-08 -6.287160512916468763e-05 -3.632865952261239921e-06 2.974649296802212581e-05 -2.123960167653545574e-05 2.225495802790030439e-05 2.756254654659106386e-05 2.145194874462298952e-05 8.737358298421491756e-05 4.773064252404713489e-04 -3.040495667934947199e-03 -9.139794416336203924e-04 1.258540941549973671e-03 7.806622289823536464e-07 5.472978629708395285e-07 -1.855587680588282232e-06 3.142190055186444434e-06 -7.428394800934184891e-07 2.688932643677350791e-06 2.591003272343631514e-04 9.169080823220819012e-04 3.118455277957170638e-04 -6.056750293380382556e-04 1.210599554238631065e-04
1.239005463305106736e-04 1.019715611736851812e-05 3.073981969577551456e-05 1.778281468203183713e-07 -1.252108256732153184e-06 6.257796429543237065e-05 2.302758332835473068e-05 1.366891626000096068e-04 -1.461707548839092456e-05 4.305266538391551302e-07 9.230966172683105612e-09 5.301360088561674357e-07 -1.074543222554757373e-06 -1.684123039381756778e-07 7.434322777610925958e-08 -3.640119569338660434e-07 -1.887087199558323034e-07 -6.231988626948612778e-07 2.802497937434044169e-08 -1.320910206152103076e-08 -4.291970767751632980e-04 -1.977185646114814425e-05 8.934455380479077702e-06 -7.444812066999281319e-05 1.081451321612982513e-04 4.958815883080548915e-05 1.375929609288637900e-04 2.403934759191669098e-04 1.330688583239715214e-03 6.429951380107015897e-03 5.398412688643845075e-03 6.101302367993372174e-03 -1.390620557289274672e-06 1.864140576438008241e-06 6.119078088387330085e-06 6.622658765054094017e-07 -5.069667602883209655e-06 4.547474862539156539e-06 1.094750643110608217e-04 5.378348136227946268e-04 1.890703309286983211e-04 -3.764193306123457842e-04 3.703214644309131684e-05
-1.328476262331262383e-04 5.081321127840552677e-05 -2.595129850116566564e-02 2.257891547340481785e-06 -4.876592593659755565e-05 2.302758332835473068e-05 1.505027835443243376e-03 -1.299162693910197071e-03 1.152595341830204380e-04 -1.842269599330099506e-07 -9.467864528511878195e-07 7.485510138244371424e-06 5.271469561495350230e-06 5.696302653763850271e-07 -1.597633212977002898e-06 4.201127171376259540e-06 4.437735730834305113e-06 1.431072892556044173e-06 -1.985165355434278152e-07 1.235483138636700932e-08 6.741501148298003655e-03 -3.247702823193824537e-05 -3.944631289044144939e-04 7.896158205424924810e-04 8.537657682319251592e-04 1.859682234759982647e-04 -4.844324996999382470e-04 -3.367358885217440565e-03 2.007619017757454258e-02 1.958949652304194447e-02 5.320889833073432634e-02 4.644955378068241908e-02 -7.983567633322344214e-06 -6.995545921696044465e-06 1.530829796650175274e-05 -3.805460978891805516e-05 -2.831316059526196752e-05 3.739348864604905172e-05 -1.761905726876810069e-03 -6.247843861393551426e-03 -3.052657852749414663e-04 1.800758052343198962e-03 -4.075697004312878402e-05
1.835822340161751389e-03 6.435483186211795421e-04 2.135215015433980165e-02 1.220407059327478863e-05 2.366520802487719663e-04 1.366891626000096068e-04 -1.299162693910197071e-03 1.937515810313035491e-02 1.485839630282909715e-03 -2.662495365050586188e-05 3.401286732194899835e-06 3.020965249619055387e-05 1.975867589396939695e-05 1.905152907936587140e-06 3.895032159764575410e-06 2.180885180942940726e-05 1.713956854067837936e-05 1.238688279308256844e-05 1.508453596194637007e-06 -8.427766833880510105e-07 -3.352033379146136111e-02 -2.110656632268783370e-04 1.686146284530047872e-03 -3.983355579038326023e-03 -2.359132929965646215e-04 -2.206366463696397980e-04 1.426278944188584096e-03 9.203438471368409132e-03 -4.793270549922897666e-02 -1.051885863743341476e-01 -1.353956082478620371e-01 1.035879251757843011e-01 8.303899837755211573e-06 1.524935125250561159e-05 3.126274804775439552e-05 5.426276283226169655e-05 -8.496401008353565883e-05 6.629177374634065943e-05 -6.713163325733946182e-03 -2.421314473614905906e-03 -1.587102279515882727e-04 1.305115222649203509e-02 8.378795927780199534e-03
-1.001281486350858347e-04 -1.756014474727713692e-05 -2.724652782227101819e-03 -5.745457130919626645e-07 -1.174706966217819117e-05 -1.461707548839092456e-05 1.152595341830204380e-04 1.485839630282909715e-03 1.876661853743279368e-03 -6.966484878016343622e-07 -3.455007942578571961e-07 1.486982603007061301e-06 2.507294340822786968e-06 3.987670008575706061e-07 -8.473613070624871708e-07 -1.269789823939853078e-06 -9.987636733281260723e-07 -1.475915449966182695e-06 4.852457799147549737e-08 1.859605216134301703e-07 -1.418840677658605868e-03 1.153358686487009108e-06 2.785269694829457690e-04 -6.577081643860923157e-04 1.042674908542920773e-04 -5.445627232833151119e-05 -6.269673533873801796e-05 3.471071963477741760e-04 6.784064191866746689e-03 2.853723015354879544e-02 -1.213060215014340193e-02 -5.164797020641223591e-02 1.652124602016456280e-06 -2.744775787935391092e-06 2.295017556213728557e-05 -2.328621811227361068e-05 -3.542003782196345973e-05 -1.600514665770035440e-05 -4.938157571273726551e-03 -1.971959694904704651e-03 1.580450443375426561e-02 -3.236582086486519553e-04 -8.894516970640663862e-04
1.424655671095127008e-06 2.342861814635371185e-07 2.268052171199190145e-06 5.743037586620659764e-09 -1.710455129748597069e-08 4.305266538391551302e-07 -1.842269599330099506e-07 -2.662495365050586188e-05 -6.966484878016343622e-07 2.436268234059051877e-05 1.428512590050932405e-06 5.143193862688639394e-07 2.043894025828819578e-07 -4.794081241669822756e-08 2.666304439563878834e-07 -1.348694328234608345e-07 -4.848696203352561415e-08 1.193318858440467649e-07 1.175822991394620124e-08 1.984893600161694689e-08 2.573306572806441416e-04 4.313221692044629288e-06 -5.185314324726058357e-05 8.471670047525509074e-05 4.210849014280669462e-07 -5.960713118251112974e-05 -4.573016987803682633e-05 4.090937580280524046e-05 1.720524747639249306e-03 -6.273356413943855436e-04 5.363621686173818560e-04 -1.839719217881385970e-03 1.425966325991804549e-06 6.590573064644588649e-07 -1.286730325864115798e-06 -2.847869966785100313e-07 2.686117032821094629e-08 -2.631730350240164248e-05 -2.308264959343576424e-05 -1.223367638590700012e-03 1.501926369035809017e-04 -4.528899409145835993e-04 -3.095834328147687055e-05
1.146182844855654211e-06 3.317953363728660230e-08 4.564403284448312017e-05 6.899668729207481301e-10 4.822172388244875896e-08 9.230966172683105612e-09 -9.467864528511878195e-07 3.401286732194899835e-06 -3.455007942578571961e-07 1.428512590050932405e-06 2.297418940837220311e-05 1.301842723387213588e-07 5.011093970470342059e-07 -1.212933119164915443e-07 -6.829958660522550512e-07 2.164742917154613146e-07 2.020942824285994127e-07 2.616847994186299298e-07 -1.217664140252506837e-08 -8.468782741728010900e-09 -6.602736462516346294e-04 1.521121180246627595e-05 3.488969000908119441e-05 -5.409206989490470010e-05 8.745559191339863467e-05 5.089850741384776173e-05 1.171829412112544060e-04 4.660299221481669556e-05 -1.512046996094154388e-03 -5.703918972684448273e-04 -1.036083293793800411e-03 -1.640304467557403582e-03 1.145157878923610599e-06 6.547864457394607495e-09 -2.625893224124851928e-06 -1.368108035397570272e-06 1.127252416647661894e-06 -1.027789107761138332e-05 2.380551563568911221e-04 8.989581400700050141e-04 -3.591279677948480919e-05 3.153098556757259258e-05 -5.583000623134721087e-05
-5.442894828601184486e-06 -2.552426033926718633e-06 -1.253808466058816404e-04 -4.368306836877581464e-08 -9.883038108858081890e-07 5.301360088561674357e-07 7.485510138244371424e-06 3.020965249619055387e-05 1.486982603007061301e-06 5.143193862688639394e-07 1.301842723387213588e-07 2.371670565648237219e-05 8.151609327399561186e-07 -1.062545304548733388e-07 4.455536028075188663e-07 -9.385368080776588396e-07 4.499683146908801706e-07 -1.022500597155818724e-07 2.489146109435978703e-09 1.006383846083043849e-08 2.181351339466297730e-04 9.952815681689715474e-06 8.624738268332952657e-05 -1.399235169362674685e-04 -1.567423787976291122e-05 -1.383000505339918815e-05 7.395867403855149443e-05 -1.337759310643767054e-04 -3.756095432946415791e-03 5.363300598112877277e-05 -3.073939192236313598e-03 1.921389653185347516e-03 5.774910024773699549e-08 -2.391847475376117217e-07 1.343212451581656114e-06 -7.296248216121253094e-07 3.388242758610895312e-06 -1.730462994446632645e-06 -1.172888185424731609e-04 -2.473039529201976521e-04 -1.046888019420071829e-04 7.925688743641425905e-05 3.629540208247684181e-05
-6.687499053323610401e-06 -1.494210286208436242e-06 -1.431895162991619257e-04 -4.987125976165221497e-08 -7.287816283782046260e-07 -1.074543222554757373e-06 5.271469561495350230e-06 1.975867589396939695e-05 2.507294340822786968e-06 2.043894025828819578e-07 5.011093970470342059e-07 8.151609327399561186e-07 2.387588089534189745e-05 1.414887757068341929e-08 1.061917035413848771e-07 5.296432087324960008e-07 -7.864858699001027315e-07 -3.351943271613529724e-08 3.686692401209256945e-10 -3.440731908680785886e-09 -5.876838528191915450e-04 5.216630798515141162e-06 -4.899445728233904162e-05 -4.929485417138154040e-05 3.683625005813795784e-05 -3.774973839566062223e-05 2.990164099749046902e-05 7.969499057254898094e-05 -4.863857065793437615e-03 9.802638253529416881e-03 6.209093814256670934e-04 -1.061424742253521715e-03 5.053920377862720764e-07 8.434528304320965412e-07 -1.528919294441046868e-06 1.945025830157110538e-06 -8.615028622287009446e-07 -3.028279067650534286e-06 -5.285963147822672067e-05 2.504039160477812304e-05 -1.882153632764343651e-04 2.881740784323797138e-04 1.608180815145297834e-05
-9.743323948793664372e-07 -3.649163889483693102e-07 -2.625932044080856232e-05 -1.358180780930259640e-09 -2.149963769859293197e-08 -1.684123039381756778e-07 5.696302653763850271e-07 1.905152907936587140e-06 3.987670008575706061e-07 -4.794081241669822756e-08 -1.212933119164915443e-07 -1.062545304548733388e-07 1.414887757068341929e-08 2.502524012383568322e-05 6.814906400577680857e-08 -2.333086772620957715e-07 -8.644278710838890033e-08 -1.137247691221300974e-07 -6.493654800693105479e-09 -1.260841126388774115e-09 -1.258454728100550496e-04 -5.865574337844738953e-06 3.465769770881305757e-05 -1.013557305146843862e-05 -2.085858593509805760e-05 -5.491106931205395664e-05 -1.036007638632069106e-04 -2.814293872653624430e-04 -4.322417482074761459e-03 3.163295687411594222e-03 -1.088683415912050905e-03 1.349354730141226217e-03 1.691594026683758732e-07 -7.741851117513827304e-07 1.323096004251107357e-06 -1.110921543703263223e-06 9.002088657364495644e-07 -2.239746630229596201e-06 -2.251201116758760385e-05 -1.993121075016908905e-04 -7.801149020298403535e-05 2.658562242365003232e-04 -2.137189848730214301e-05
1.682876697119525959e-06 1.006383473031713643e-06 4.327886249160162500e-05 1.422920762039228799e-08 1.962087875896412622e-07 7.434322777610925958e-08 -1.597633212977002898e-06 3.895032159764575410e-06 -8.473613070624871708e-07 2.666304439563878834e-07 -6.829958660522550512e-07 4.455536028075188663e-07 1.061917035413848771e-07 6.814906400577680857e-08 2.435798798149794430e-05 3.765211276911560130e-07 1.558798084573684450e-07 -5.128745963999476713e-08 1.127531435940721094e-08 1.734865272333501632e-10 -1.253840832512468464e-05 2.529545758808704131e-06 -4.136956941689078505e-05 6.283436130402453556e-06 2.482939117528928599e-05 -1.125807542969375255e-05 1.274746562075489920e-05 6.439038349165275208e-05 1.863138811344880084e-04 4.258046577268392516e-03 3.902173006256070848e-04 -1.945779341743734676e-04 -6.443519600329144683e-07 -4.959497959655084397e-08 1.614877057253806101e-06 -9.005813732669164788e-07 -3.856137159969589327e-06 -5.300179675411129202e-06 4.238586811644469161e-05 6.091847464542660205e-05 1.468244618827105341e-04 -3.003771079028325574e-04 -4.568548021193175680e-05
-4.269164413521223532e-06 -1.353768795274150950e-06 -6.659090322159683746e-05 -2.420891070042924544e-08 -5.806966200756737380e-07 -3.640119569338660434e-07 4.201127171376259540e-06 2.180885180942940726e-05 -1.269789823939853078e-06 -1.348694328234608345e-07 2.164742917154613146e-07 -9.385368080776588396e-07 5.296432087324960008e-07 -2.333086772620957715e-07 3.765211276911560130e-07 2.418005084114970951e-05 7.738023154202535313e-07 2.892157372124267371e-08 -5.508128112782479802e-09 -7.844046382015565172e-10 -1.475160725077212238e-04 -2.315993346822605512e-06 6.130817510309898455e-07 1.122374835383129017e-05 -2.042220718645829938e-05 -5.273784203896235347e-05 -1.998285930908356512e-05 1.076041543089677389e-04 6.730323870624021522e-04 -3.315756989481627708e-03 -2.026130584545694953e-03 -1.608263171312161255e-03 2.998294504506321908e-07 5.115114087333726446e-07 1.303307592905156284e-07 2.326877662173307313e-07 -3.689402069424056011e-07 -1.885689439196886627e-05 -7.537344464392326860e-05 -1.751650191455554693e-04 -6.192098375177866360e-05 -2.155653299564759537e-05 4.595302924208084875e-05
-4.173383831262471832e-06 -1.517882579179351943e-06 -8.184311662010773127e-05 -2.658822041630857421e-08 -5.658407569172262294e-07 -1.887087199558323034e-07 4.437735730834305113e-06 1.713956854067837936e-05 -9.987636733281260723e-07 -4.848696203352561415e-08 2.020942824285994127e-07 4.499683146908801706e-07 -7.864858699001027315e-07 -8.644278710838890033e-08 1.558798084573684450e-07 7.738023154202535313e-07 2.420085097915928283e-05 -4.733381088170023018e-08 4.261157007871604225e-09 -1.785155624653060761e-08 -1.598881911693237907e-04 -2.818083708235639851e-06 1.242856155798690817e-04 -1.145970369452892223e-04 -8.346433355219347032e-06 2.845452363936241654e-05 1.524616404479585310e-04 2.640281377532056255e-04 6.841769555916075692e-04 6.568864332030871977e-04 2.317456549776384430e-03 1.203246313570455455e-03 -4.291581094232035832e-07 2.419083326382659126e-07 1.877374803599173307e-06 -3.986227646919856570e-07 -1.174537884994410918e-07 -7.256571334074748642e-06 1.631478174132502750e-05 2.521578610675420619e-04 -9.489090531845557224e-05 8.218732938620542207e-05 4.452162317324043033e-05
9.527241947583221823e-06 -8.519989329588152464e-07 -4.219229396857171948e-05 -1.710091308223500180e-08 -1.365191521264573887e-07 -6.231988626948612778e-07 1.431072892556044173e-06 1.238688279308256844e-05 -1.475915449966182695e-06 1.193318858440467649e-07 2.616847994186299298e-07 -1.022500597155818724e-07 -3.351943271613529724e-08 -1.137247691221300974e-07 -5.128745963999476713e-08 2.892157372124267371e-08 -4.733381088170023018e-08 6.055235651281230930e-06 -1.544853264547297846e-08 3.397751124709434740e-09 5.066752388061801764e-04 1.330657854152376598e-06 -3.444848190329318931e-05 5.554717994854470103e-05 5.990090411392799341e-06 -4.114573264482970522e-05 -7.050772228823637682e-05 5.406851621671695087e-04 4.458215821988797088e-04 -2.312035506964695095e-03 -1.764166851961083667e-03 -4.964851826076020682e-04 4.244962507061465115e-08 2.585750397601678459e-07 1.097353079387047061e-06 -3.386078385549153497e-07 8.995093668008344094e-07 7.778991954683081049e-06 7.684952733417704627e-06 3.475727428104540548e-05 -2.731495442192548423e-05 3.038244419694164110e-05 3.358651774542742606e-06
4.262693831101293212e-07 5.733215468443065578e-08 4.105635879837513510e-06 5.082650184396936031e-09 1.619381310259351324e-08 2.802497937434044169e-08 -1.985165355434278152e-07 1.508453596194637007e-06 4.852457799147549737e-08 1.175822991394620124e-08 -1.217664140252506837e-08 2.489146109435978703e-09 3.686692401209256945e-10 -6.493654800693105479e-09 1.127531435940721094e-08 -5.508128112782479802e-09 4.261157007871604225e-09 -1.544853264547297846e-08 4.390404998125568033e-07 -2.695862120399440728e-09 -5.591108767384490305e-05 -1.431386704964382178e-07 2.892809939169481358e-05 -2.023999321233339611e-05 1.000036295057416940e-04 -1.059775049163262433e-04 -6.117088951881980699e-05 5.531367320796427947e-05 4.091878824417382633e-03 -3.736861781069631891e-03 -1.827515034944541769e-04 2.743828411312579504e-04 -1.035921297877312146e-07 -9.323624355368051294e-08 1.039378054844694225e-07 -9.269685150640224904e-08 2.484887696872145110e-07 4.796771061103024322e-07 -3.126327505957274463e-06 -1.393837948357608112e-05 1.013830658041916456e-06 -3.170615002868513465e-06 4.416753829698159303e-07
-8.805152169880565839e-08 -1.469076214429815316e-08 1.994556665225539211e-06 -1.319925903912387226e-09 -1.583760845506029166e-08 -1.320910206152103076e-08 1.235483138636700932e-08 -8.427766833880510105e-07 1.859605216134301703e-07 1.984893600161694689e-08 -8.468782741728010900e-09 1.006383846083043849e-08 -3.440731908680785886e-09 -1.260841126388774115e-09 1.734865272333501632e-10 -7.844046382015565172e-10 -1.785155624653060761e-08 3.397751124709434740e-09 -2.695862120399440728e-09 4.179790736030108684e-07 4.899604071735606066e-04 3.050757734112210446e-07 -1.629695175596545281e-05 1.862334096721889715e-05 7.764066018629440448e-06 -1.914769769305286212e-05 2.693257227051381393e-04 5.512656672983166483e-04 3.876048493577736727e-04 -1.449729533219747514e-03 1.257496198375055189e-03 2.321348329061837716e-04 9.259432830456354445e-09 1.053306631924802835e-07 -2.620592275538301174e-07 1.989590612325413660e-07 -2.195359671403995498e-07 -6.496877945266958675e-07 9.999995783295721675e-07 1.875603231450019560e-06 1.464987712043997488e-06 1.127009990795537574e-06 -1.237756709515758163e-06
-1.537363962863866687e-03 1.935997705316074274e-03 -2.560938767837600202e-02 2.672616881126788313e-05 -6.287160512916468763e-05 -4.291970767751632980e-04 6.741501148298003655e-03 -3.352033379146136111e-02 -1.418840677658605868e-03 2.573306572806441416e-04 -6.602736462516346294e-04 2.181351339466297730e-04 -5.876838528191915450e-04 -1.258454728100550496e-04 -1.253840832512468464e-05 -1.475160725077212238e-04 -1.598881911693237907e-04 5.066752388061801764e-04 -5.591108767384490305e-05 4.899604071735606066e-04 4.596907992437240864e+02 -1.275810421904534087e-01 -9.128142211571113052e-01 9.195200841062628472e-01 3.537992602061783010e-01 3.247164300876397708e-02 -1.911885005614220390e+01 -6.155821108391514684e+01 6.572294640520044595e+01 -1.761852427057170871e+02 7.773729103729243661e+02 -6.172968399409267022e+02 -6.120086183571535852e-03 -2.335518588087947232e-03 -9.178057940314109445e-03 -6.246236591033142195e-03 -5.454721116606184826e-03 -1.125506697078637597e-01 5.055503964453578192e-02 1.315730121022445631e-01 1.370487760662244259e-01 -1.409945911588334488e-01 -8.671004486187353089e-02
-9.416900417351907341e-05 -5.578153094874352841e-05 -3.537377465941288234e-04 -7.429124389793702278e-07 -3.632865952261239921e-06 -1.977185646114814425e-05 -3.247702823193824537e-05 -2.110656632268783370e-04 1.153358686487009108e-06 4.313221692044629288e-06 1.521121180246627595e-05 9.952815681689715474e-06 5.216630798515141162e-06 -5.865574337844738953e-06 2.529545758808704131e-06 -2.315993346822605512e-06 -2.818083708235639851e-06 1.330657854152376598e-06 -1.431386704964382178e-07 3.050757734112209917e-07 -1.275810421904534087e-01 8.347633456122673101e-02 1.055060921617798162e-03 -4.330728352487630065e-04 -6.056663937283790836e-03 3.851530548202161761e-03 8.187260163109621319e-03 -7.255662080321020196e-03 -1.251674156231100399e-01 -2.054639340799215841e-01 7.113608833216428229e-01 -2.071221843133190521e-01 -2.779435525493195976e-05 -4.128748187819339410e-05 -1.141583868416319564e-04 -8.234560874810204184e-05 4.267276655845835914e-05 -8.582609771886493466e-04 6.458398380102814418e-04 1.579758740906343989e-03 -1.149952904774318059e-03 1.196240122887831745e-03 -8.260327907715687588e-04
-4.050773641084819696e-04 -1.469004308765935391e-04 2.227567480820718052e-02 1.630330133624739759e-06 2.974649296802212581e-05 8.934455380479077702e-06 -3.944631289044144939e-04 1.686146284530047872e-03 2.785269694829457690e-04 -5.185314324726058357e-05 3.488969000908119441e-05 8.624738268332952657e-05 -4.899445728233904162e-05 3.465769770881305757e-05 -4.136956941689078505e-05 6.130817510309898455e-07 1.242856155798690817e-04 -3.444848190329318931e-05 2.892809939169481358e-05 -1.629695175596545281e-05 -9.128142211571113052e-01 1.055060921617798162e-03 4.582290996333053812e+00 -3.627147583253959695e+00 -8.533586312244713368e-02 7.717952409552417126e-02 5.097003599428269194e-01 4.866313594949703836e-01 -5.067996228594353170e+00 3.201300878630116142e-01 9.046666692324706105e+00 -2.103283385174113285e+00 5.293409019772974278e-04 6.096082672051235688e-04 -4.556302531431293966e-04 7.163545379121050150e-05 9.206388728143553944e-04 3.458993066746387981e-03 -9.502360804289668996e-04 1.784129852339516945e-02 6.095052762045975910e-04 5.447552857063259375e-03 8.168441457935046029e-03
-4.420211364239861709e-06 -1.887692625900438471e-04 -2.956144676513011715e-02 -4.592633394522477544e-06 -2.123960167653545574e-05 -7.444812066999281319e-05 7.896158205424924810e-04 -3.983355579038326023e-03 -6.577081643860923157e-04 8.471670047525509074e-05 -5.409206989490470010e-05 -1.399235169362674685e-04 -4.929485417138154040e-05 -1.013557305146843862e-05 6.283436130402453556e-06 1.122374835383129017e-05 -1.145970369452892223e-04 5.554717994854470103e-05 -2.023999321233339611e-05 1.862334096721889715e-05 9.195200841062628472e-01 -4.330728352487630065e-04 -3.627147583253959695e+00 7.373506172172716866e+00 4.692247430996999286e-02 -8.452475919448797226e-02 -4.362299942344886050e-01 -4.276791667168434175e-01 3.113036283957109962e+00 -1.488391257523439259e+00 -6.106679479394740540e+00 3.568933413569332358e-01 -2.643919571788673592e-04 -1.166462374993679853e-04 -4.306709661999711270e-04 3.231159373534302388e-04 -2.667293229967634179e-03 4.406693834887123566e-03 1.582837325642043845e-03 -2.904863456533392924e-02 -3.605505788856745285e-03 -6.636212275635875943e-03 -1.033764077507871859e-02
3.503977069262197781e-04 8.905121364137024787e-04 6.569624931313078342e-03 1.049096726781353361e-05 2.225495802790030439e-05 1.081451321612982513e-04 8.537657682319251592e-04 -2.359132929965646215e-04 1.042674908542920773e-04 4.210849014280669462e-07 8.745559191339863467e-05 -1.567423787976291122e-05 3.683625005813795784e-05 -2.085858593509805760e-05 2.482939117528928599e-05 -2.042220718645829938e-05 -8.346433355219347032e-06 5.990090411392799341e-06 1.000036295057416940e-04 7.764066018629440448e-06 3.537992602061783010e-01 -6.056663937283790836e-03 -8.533586312244713368e-02 4.692247430996999286e-02 3.526363870105707843e+00 4.291308859446969493e-01 7.224564882064268834e-02 -9.376116607811721404e-02 -6.780737112425432755e+00 7.263236720185060058e+00 1.892873233087062790e+00 -2.677623398412248834e-01 -9.056984947402235350e-04 8.934787436605492507e-05 9.054286027829897606e-04 -6.137160954352790816e-04 -3.516442780835287753e-04 1.805802297513257318e-03 -9.448504236754215772e-04 2.497432254641152299e-03 1.280981624518046438e-02 -1.549520327450191852e-02 6.176758830417939349e-03
1.048390387211329796e-04 4.652501885168055791e-04 3.397844764574908718e-03 5.598128452556745549e-06 2.756254654659106386e-05 4.958815883080548915e-05 1.859682234759982647e-04 -2.206366463696397980e-04 -5.445627232833151119e-05 -5.960713118251112974e-05 5.089850741384776173e-05 -1.383000505339918815e-05 -3.774973839566062223e-05 -5.491106931205395664e-05 -1.125807542969375255e-05 -5.273784203896235347e-05 2.845452363936241654e-05 -4.114573264482970522e-05 -1.059775049163262433e-04 -1.914769769305286212e-05 3.247164300876397708e-02 3.851530548202161761e-03 7.717952409552417126e-02 -8.452475919448797226e-02 4.291308859446969493e-01 3.426674452785130498e+00 2.514586420106014408e+00 2.338501048905765600e+00 7.244945405608045341e+00 -1.351695414810320628e+01 4.558844632795783447e+00 -3.624160817926986855e-01 -3.356586761839772093e-04 -2.136759968263452934e-04 5.138900146605181619e-04 1.556352909380381323e-03 2.026267957677920417e-04 -6.095157582999572582e-03 9.947053970518012281e-03 4.125844034903052709e-02 -2.148369054262349188e-03 9.743433294247701854e-03 -1.422818560034700428e-03
-3.291277590795637677e-04 -2.913279780264775923e-04 1.173051667143180238e-02 7.614780482133112980e-07 2.145194874462298952e-05 1.375929609288637900e-04 -4.844324996999382470e-04 1.426278944188584096e-03 -6.269673533873801796e-05 -4.573016987803682633e-05 1.171829412112544060e-04 7.395867403855149443e-05 2.990164099749046902e-05 -1.036007638632069106e-04 1.274746562075489920e-05 -1.998285930908356512e-05 1.524616404479585310e-04 -7.050772228823637682e-05 -6.117088951881980699e-05 2.693257227051381393e-04 -1.911885005614220390e+01 8.187260163109621319e-03 5.097003599428269194e-01 -4.362299942344886050e-01 7.224564882064268834e-02 2.514586420106014408e+00 1.889506685767653948e+01 3.250950409341602665e+01 4.308580654874845983e+00 4.569673928294344023e+01 -5.162964632331497228e+01 5.585449400511633300e+00 1.644149047429311966e-04 8.095970782513207953e-04 -5.741730169551988752e-05 -5.662826923773806725e-04 1.570953006673818115e-03 -1.012351796324077388e-02 -6.577055615915474926e-03 -3.136438587515349985e-02 -9.177835467209257900e-03 2.832446572445916806e-03 4.946633393168362210e-03
2.232660800319575395e-03 1.230122987244001160e-05 8.709593230157607058e-02 1.784220786640617219e-05 8.737358298421491756e-05 2.403934759191669098e-04 -3.367358885217440565e-03 9.203438471368409132e-03 3.471071963477741760e-04 4.090937580280524046e-05 4.660299221481669556e-05 -1.337759310643767054e-04 7.969499057254898094e-05 -2.814293872653624430e-04 6.439038349165275208e-05 1.076041543089677389e-04 2.640281377532056255e-04 5.406851621671695087e-04 5.531367320796427947e-05 5.512656672983166483e-04 -6.155821108391514684e+01 -7.255662080321020196e-03 4.866313594949703836e-01 -4.276791667168434175e-01 -9.376116607811721404e-02 2.338501048905765600e+00 3.250950409341602665e+01 8.620075045941568703e+01 -3.015341534820233704e+00 7.497802933158652650e+01 -4.098456990519827770e+01 -1.751756522483135114e+01 1.904264556493046002e-03 1.187646053084580018e-03 1.630035829618135855e-03 -2.580453816538686839e-03 7.843743802942041224e-04 -1.015888192342804738e-02 -2.802847403897329101e-02 -1.304795914292188608e-01 -1.059440350116038453e-02 -2.852641923951798370e-04 1.246859463238210973e-02
-4.736805449718696492e-02 -4.410006350874527692e-02 -7.715001342843739486e-03 -4.744722452646794224e-05 4.773064252404713489e-04 1.330688583239715214e-03 2.007619017757454258e-02 -4.793270549922897666e-02 6.784064191866746689e-03 1.720524747639249306e-03 -1.512046996094154388e-03 -3.756095432946415791e-03 -4.863857065793437615e-03 -4.322417482074761459e-03 1.863138811344880084e-04 6.730323870624021522e-04 6.841769555916075692e-04 4.458215821988797088e-04 4.091878824417382633e-03 3.876048493577736727e-04 6.572294640520044595e+01 -1.251674156231100399e-01 -5.067996228594353170e+00 3.113036283957109962e+00 -6.780737112425432755e+00 7.244945405608045341e+00 4.308580654874845983e+00 -3.015341534820233704e+00 1.249457970409602785e+04 6.411868634243807037e+02 3.646920401810082524e+01 -3.359318016689861963e+01 1.263486948790137031e-02 -1.879173331016528031e-02 1.419407738091795976e-02 2.277220163337388692e-02 3.159877005316460985e-02 1.254190100249703566e-01 -1.995966085675253410e-01 -8.022312007358950448e-01 -5.141173948146156025e-01 5.242932879895076947e-01 -3.046441595053470119e-01
-3.138525172971504823e-02 -1.671307356618409456e-02 -2.436446262949062691e-01 -1.251227739930783412e-04 -3.040495667934947199e-03 6.429951380107015897e-03 1.958949652304194447e-02 -1.051885863743341476e-01 2.853723015354879544e-02 -6.273356413943855436e-04 -5.703918972684448273e-04 5.363300598112877277e-05 9.802638253529416881e-03 3.163295687411594222e-03 4.258046577268392516e-03 -3.315756989481627708e-03 6.568864332030871977e-04 -2.312035506964695095e-03 -3.736861781069631891e-03 -1.449729533219747514e-03 -1.761852427057170871e+02 -2.054639340799215841e-01 3.201300878630116142e-01 -1.488391257523439259e+00 7.263236720185060058e+00 -1.351695414810320628e+01 4.569673928294344023e+01 7.497802933158652650e+01 6.411868634243807037e+02 1.268826869131025342e+04 1.322869316413516117e+03 -3.818136258065841275e+02 1.027128389334451596e-03 1.069070774530078358e-02 -2.046487412472647663e-02 -5.651226546436168702e-02 -7.170477705248262668e-02 3.223197601085733832e-01 -3.792420681124629156e-01 -8.610832084192528990e-01 4.913961373116821907e-01 -6.505096462279339464e-01 -7.348387801644702677e-02
2.036569188832477312e-02 1.832564226736099061e-02 4.957274711580146875e-01 8.098143915587441505e-04 -9.139794416336203924e-04 5.398412688643845075e-03 5.320889833073432634e-02 -1.353956082478620371e-01 -1.213060215014340193e-02 5.363621686173818560e-04 -1.036083293793800195e-03 -3.073939192236313598e-03 6.209093814256670934e-04 -1.088683415912050905e-03 3.902173006256070848e-04 -2.026130584545694953e-03 2.317456549776384430e-03 -1.764166851961083667e-03 -1.827515034944541769e-04 1.257496198375055189e-03 7.773729103729243661e+02 7.113608833216428229e-01 9.046666692324706105e+00 -6.106679479394740540e+00 1.892873233087062790e+00 4.558844632795783447e+00 -5.162964632331497228e+01 -4.098456990519827770e+01 3.646920401810082524e+01 1.322869316413516117e+03 1.183706531399724372e+04 1.044430120622648928e+03 -2.275373354960304531e-02 9.451127029956978010e-03 3.443698566391939497e-02 4.730816064584941055e-02 1.230679641286010380e-02 8.900995226464258891e-02 2.954129442801483041e-01 1.672836402972526004e+00 5.602490864660917280e-01 -6.660125849587597013e-01 -1.739888518362215641e-01
1.981959704622760637e-02 8.567815014665651832e-03 -8.281137699121275952e-01 4.933140081276265153e-05 1.258540941549973671e-03 6.101302367993372174e-03 4.644955378068241908e-02 1.035879251757843011e-01 -5.164797020641223591e-02 -1.839719217881385970e-03 -1.640304467557403582e-03 1.921389653185347516e-03 -1.061424742253521715e-03 1.349354730141226217e-03 -1.945779341743734676e-04 -1.608263171312161255e-03 1.203246313570455455e-03 -4.964851826076020682e-04 2.743828411312579504e-04 2.321348329061837716e-04 -6.172968399409267022e+02 -2.071221843133190521e-01 -2.103283385174113285e+00 3.568933413569332358e-01 -2.677623398412248834e-01 -3.624160817926986855e-01 5.585449400511633300e+00 -1.751756522483135114e+01 -3.359318016689861963e+01 -3.818136258065841275e+02 1.044430120622648928e+03 1.308308148745402832e+04 -1.011639142693343367e-02 6.869157828167423395e-03 -4.153536215844470109e-03 2.040479554151758065e-02 3.011857239677808232e-02 9.018396450513020968e-01 2.848739887817849925e-01 3.501259368954641737e-01 -5.714823250572513835e-01 -1.493507746199449482e-01 2.965825024388819009e-01
-9.250794095251473871e-09 -1.166329008771118192e-06 1.460459142335553680e-05 1.693039083643685490e-08 7.806622289823536464e-07 -1.390620557289274672e-06 -7.983567633322344214e-06 8.303899837755211573e-06 1.652124602016456280e-06 1.425966325991804549e-06 1.145157878923610599e-06 5.774910024773699549e-08 5.053920377862720764e-07 1.691594026683758732e-07 -6.443519600329144683e-07 2.998294504506321908e-07 -4.291581094232035832e-07 4.244962507061465115e-08 -1.035921297877312146e-07 9.259432830456354445e-09 -6.120086183571535852e-03 -2.779435525493195976e-05 5.293409019772974278e-04 -2.643919571788673592e-04 -9.056984947402235350e-04 -3.356586761839772093e-04 1.644149047429311966e-04 1.904264556493046002e-03 1.263486948790137031e-02 1.027128389334451596e-03 -2.275373354960304531e-02 -1.011639142693343367e-02 1.511563124905054021e-03 2.676698989038713158e-04 1.329355915290876485e-05 -4.124927583663732600e-04 -4.075241695327177186e-06 -9.120421988855615097e-05 3.202777521305206625e-05 1.642613750600198982e-04 1.029186282795103465e-04 -9.253218908117949340e-05 1.606120609466315846e-04
1.210137569695216394e-05 7.822823064254833783e-06 2.857523054878251517e-04 1.127735376595843732e-07 5.472978629708395285e-07 1.864140576438008241e-06 -6.995545921696044465e-06 1.524935125250561159e-05 -2.744775787935391092e-06 6.590573064644588649e-07 6.547864457394607495e-09 -2.391847475376117217e-07 8.434528304320965412e-07 -7.741851117513827304e-07 -4.959497959655084397e-08 5.115114087333726446e-07 2.419083326382659126e-07 2.585750397601678459e-07 -9.323624355368051294e-08 1.053306631924802835e-07 -2.335518588087947232e-03 -4.128748187819339410e-05 6.096082672051235688e-04 -1.166462374993679853e-04 8.934787436605492507e-05 -2.136759968263452934e-04 8.095970782513207953e-04 1.187646053084580018e-03 -1.879173331016528031e-02 1.069070774530078358e-02 9.451127029956978010e-03 6.869157828167423395e-03 2.676698989038713158e-04 8.968189451549963328e-04 2.614026481862566375e-05 7.133474700475536407e-04 -1.910598728453416327e-06 -3.645038257001907868e-05 6.097888401207657169e-05 4.660084839891809414e-04 1.401465185844602958e-04 -1.898208790885030234e-04 1.348004104776626839e-05
1.561135634791246485e-05 1.278319063983395930e-05 2.881897948445874143e-05 1.461432967000614834e-07 -1.855587680588282232e-06 6.119078088387330085e-06 1.530829796650175274e-05 3.126274804775439552e-05 2.295017556213728557e-05 -1.286730325864115798e-06 -2.625893224124851928e-06 1.343212451581656114e-06 -1.528919294441046868e-06 1.323096004251107357e-06 1.614877057253806101e-06 1.303307592905156284e-07 1.877374803599173307e-06 1.097353079387047061e-06 1.039378054844694225e-07 -2.620592275538301174e-07 -9.178057940314109445e-03 -1.141583868416319564e-04 -4.556302531431293966e-04 -4.306709661999711270e-04 9.054286027829897606e-04 5.138900146605181619e-04 -5.741730169551988752e-05 1.630035829618135855e-03 1.419407738091795976e-02 -2.046487412472647663e-02 3.443698566391939497e-02 -4.153536215844470109e-03 1.329355915290876485e-05 2.614026481862566375e-05 8.152745716399690742e-03 -5.662354854173594442e-06 3.608878154918457933e-05 1.401454042145594417e-04 -1.025299060680329735e-04 6.116963931959145274e-04 2.135315998177293251e-04 2.104274136868462906e-04 1.139732281778913506e-04
2.169532221005728858e-05 9.684061609664832907e-06 4.436313917607558294e-04 -7.340082368811296958e-09 3.142190055186444434e-06 6.622658765054094017e-07 -3.805460978891805516e-05 5.426276283226169655e-05 -2.328621811227361068e-05 -2.847869966785100313e-07 -1.368108035397570272e-06 -7.296248216121253094e-07 1.945025830157110538e-06 -1.110921543703263223e-06 -9.005813732669164788e-07 2.326877662173307313e-07 -3.986227646919856570e-07 -3.386078385549153497e-07 -9.269685150640224904e-08 1.989590612325413660e-07 -6.246236591033142195e-03 -8.234560874810204184e-05 7.163545379121050150e-05 3.231159373534302388e-04 -6.137160954352790816e-04 1.556352909380381323e-03 -5.662826923773806725e-04 -2.580453816538686839e-03 2.277220163337388692e-02 -5.651226546436168702e-02 4.730816064584941055e-02 2.040479554151758065e-02 -4.124927583663732600e-04 7.133474700475536407e-04 -5.662354854173594442e-06 3.275568290305081592e-03 9.147134382435463713e-07 -1.129842615571378303e-05 5.454109872301421153e-05 -3.046798574360677051e-04 3.020460094197811320e-04 -9.354902214743201962e-04 2.590986567391382085e-06
