# logA ns theta_MC_100 omegabh2 omegach2 tau w w_growth omegam_growth DES_DZ_S1 DES_DZ_S2 DES_DZ_S3 DES_DZ_S4 DES_M1 DES_M2 DES_M3 DES_M4 A_planck calib_100T calib_217T A_cib_217 xi_sz_cib A_sz ksz_norm gal545_A_100 gal545_A_143 gal545_A_143_217 gal545_A_217 ps_A_100_100 ps_A_143_143 ps_A_143_217 ps_A_217_217 galf_TE_A_100 galf_TE_A_100_143 galf_TE_A_100_217 galf_TE_A_143 galf_TE_A_143_217 galf_TE_A_217 DES_A1_1 DES_A1_2
8.259327423837084688e-04 3.583891065466489724e-04 6.548656899759368712e-05 7.945032812203061084e-06 5.884546204272536542e-05 1.326253834006705984e-04 -4.287900358377044058e-04 2.210696167444163845e-03 -1.752277847168108940e-04 2.959062726448994236e-06 3.494045360183759278e-06 -5.979784103448439937e-06 -1.884384835557894286e-06 1.289300799329617072e-06 3.591490347643178768e-07 -3.362034717476369849e-06 -2.447135820957242692e-06 1.265925978546389982e-05 3.136723012917734271e-07 -5.775293872429713980e-08 -6.836496631512057991e-03 1.127158874467882368e-04 -6.187333364143658742e-04 2.216402076690105133e-04 4.938762796808097337e-04 -3.556684182286377676e-04 -2.558193805794908393e-04 3.436705144676462619e-03 -5.696264850503272859e-02 -1.211468082291478239e-02 -1.327643813762788109e-02 -3.257159176443626819e-02 1.778003766319754794e-06 1.126179707928838549e-05 -1.544820220866140751e-05 7.000975191241732906e-06 -2.831039154715448311e-07 -5.820277658251994554e-05 2.367096016126125132e-03 1.671136024793869364e-03
3.583891065466489724e-04 2.935762695759788180e-04 4.417405381651690402e-05 6.597141694354097633e-06 2.330356337060133988e-05 2.165394307743155120e-05 1.096620460640465198e-04 8.078601207277075419e-04 -6.135240654539862823e-05 1.779093794909468146e-06 3.594634353471320852e-07 -3.135140343988269525e-06 -4.200548134820692622e-07 4.067791691642078156e-07 4.976690909413356829e-07 -1.433205389315649643e-06 -9.871246323017197351e-07 -1.943219125707840667e-07 1.143723029039576479e-07 -1.852779381383741410e-08 -2.103149298497039490e-03 7.171866297788073111e-05 -1.267984377521875409e-04 -1.482623897551353632e-04 1.092693048413861511e-03 1.621621104503927929e-04 3.121033019268839833e-04 1.263556997019766323e-03 -2.109170011346405207e-02 -8.235286547967492861e-04 1.729576700833786174e-02 6.011537069958202952e-05 -6.270285206232646745e-06 2.513256099611625793e-06 -1.067381870830581688e-05 2.504350186375137381e-06 -1.420707385547360748e-06 -2.532615485827046463e-05 8.971475111732012554e-04 8.549348444973053755e-05
6.548656899759368712e-05 4.417405381651690402e-05 1.053821067748885643e-05 1.305535451343509545e-06 6.744647073951206728e-06 1.638791280814910291e-06 3.489810581331910472e-06 1.919525082011787928e-04 -1.516341138205243679e-05 5.535259999540818703e-07 1.574818773220413284e-07 -6.087664739933821700e-07 -1.375083654456620608e-07 1.521685396692224273e-07 -3.300672368646905759e-10 -3.151710108269926178e-07 -1.969013934594264026e-07 5.255458264338669422e-08 1.425003072236546664e-08 -1.844406249234099375e-08 -8.433722525902024453e-04 1.090483778063157361e-05 6.605047772387187424e-05 -1.315564226203593037e-05 1.532371125679751474e-04 4.121654302305482581e-05 1.272592304735424952e-04 3.524340591781995524e-04 4.639277997546774161e-03 2.788460825222178769e-03 4.678329165959667184e-03 2.267082541266829930e-04 -1.094073712752194660e-06 -5.967120844317845113e-07 -1.333680222740616254e-06 8.093591605668277907e-07 6.930073095936268570e-07 -3.614223327170422683e-06 2.139942057523834854e-04 9.443568701649639923e-05
7.945032812203061084e-06 6.597141694354097633e-06 1.305535451343509545e-06 2.253218063391029654e-07 4.664396773726386780e-07 5.634022000164078908e-07 8.647418801844507423e-06 1.292948787304478855e-05 -1.169366354631208639e-06 4.566399445882796285e-08 3.178430421446743816e-08 -3.382492809154189829e-08 -2.192932629474594444e-08 1.453304069179820139e-08 3.917136629111815707e-10 -2.284345557800064302e-08 -2.868574470111964447e-08 1.025060851220063400e-08 7.077421692776555834e-09 -2.232065517845653616e-09 -1.625216678823775205e-04 1.570845126701157637e-06 1.760368612485458273e-06 7.800759164796678126e-06 1.385788691009996945e-05 3.282365248420392031e-06 1.601657473445239959e-05 3.989339394654160619e-05 2.981539590278130042e-04 2.663977536321096573e-04 1.066281857022585797e-03 1.057855349938726936e-04 -2.106061736070599294e-07 -7.581987973481124394e-08 -2.537849715239283846e-07 -1.222392792065042700e-07 9.729084214836264158e-08 -7.058602496192665278e-07 9.777575610554495327e-06 -1.748267924997832722e-06
5.884546204272536542e-05 2.330356337060133988e-05 6.744647073951206728e-06 4.664396773726386780e-07 1.036746006869890620e-05 -2.233636516905093240e-06 -1.283621058623009422e-04 3.085289013769775858e-04 -2.139906178324858785e-05 4.161134062281745350e-07 2.010665237863578331e-07 -8.675941183710103945e-07 -2.989168869540171914e-07 1.470923656932105515e-07 5.388796569073045839e-08 -3.981596920759912508e-07 -2.340577598809581419e-07 5.384878326411612422e-08 7.491060225334252569e-09 -2.062665182781728811e-08 -4.468551000565597342e-04 1.295705028006767122e-05 1.534106113070349029e-05 4.128912839974381029e-06 2.641465386114838994e-05 -1.742032415587302453e-05 -5.640613110507827928e-05 1.988067830294120558e-04 -1.000821118197731596e-03 7.176425091982646057e-04 -8.242857839763399145e-04 -2.724811987126548197e-03 2.215027519003944529e-07 4.662658760159325586e-07 1.289929190412474536e-07 3.974812603534186114e-06 4.812750594377887692e-07 4.957334733962760575e-07 3.359886797278614085e-04 1.750463955671335912e-04
1.326253834006705984e-04 2.165394307743155120e-05 1.638791280814910291e-06 5.634022000164078908e-07 -2.233636516905093240e-06 6.423925653313362265e-05 2.798107034798143650e-05 8.705410895250318499e-05 -1.814455915350051372e-05 -6.020143941522953922e-07 1.011559453231021845e-06 -1.059997840793928152e-07 -4.288147573592425522e-08 2.171621427013578998e-07 -8.260089838155386604e-08 -2.964420543541015537e-07 -2.419113571556227423e-07 -4.925503695260013740e-08 -2.391778935646751446e-08 1.229333532173287421e-08 -9.657936165464554379e-04 -2.618363659026514871e-06 -1.060314303515345750e-04 -3.028603139539803844e-05 1.528793505926439439e-04 -1.316762226128105682e-04 -5.797677041856242344e-05 6.909412798473072305e-05 -3.459348540207958771e-03 -4.350792066743674850e-03 -1.156711464060153523e-02 -6.926690673638682266e-03 2.809506129178546131e-06 3.590499259562702339e-06 -1.045192661509366143e-06 -5.151629981661912372e-06 9.008109890269746826e-07 -1.807263058429569281e-05 7.741934291115368098e-05 2.400529676315386819e-04
-4.287900358377044058e-04 1.096620460640465198e-04 3.489810581331910472e-06 8.647418801844507423e-06 -1.283621058623009422e-04 2.798107034798143650e-05 1.568368424220870083e-02 1.044395585959726749e-03 1.012963867849838974e-04 -9.824433330934351778e-06 -1.129056104406842383e-05 -3.191648769349584318e-06 3.408066526490354938e-06 -5.898697831489621704e-06 -6.032998240425518918e-06 -3.870116524563112399e-06 6.935027595444986145e-06 3.276441728229880769e-06 5.537848505907905424e-07 -5.637029335138302073e-08 -1.620943086040725623e-02 3.340971839867506359e-04 1.703246228000555125e-03 -1.127284841113929906e-03 8.150888559661726698e-04 8.000162371316768355e-06 5.165492487323852973e-03 7.054358982302429658e-03 1.181325724701034058e-01 8.902981184171357421e-02 -1.287765831573254305e-01 -5.870610923895681378e-03 -2.439076150963890460e-05 -1.583175994981613749e-05 -8.298361409968743065e-05 -5.039234788623764077e-05 -2.517674423729195122e-06 -3.748820286204080656e-04 7.864407400271253984e-03 -2.315282930520597485e-02
2.210696167444163845e-03 8.078601207277075419e-04 1.919525082011787928e-04 1.292948787304478855e-05 3.085289013769775858e-04 8.705410895250318499e-05 1.044395585959726749e-03 2.532550295672959806e-02 1.291493312669774298e-03 2.004930981557455364e-06 8.683631649836396856e-06 3.203523463362468435e-05 8.143735179660553859e-06 1.109164360692928009e-06 -1.903865009883988692e-06 2.351659003448304037e-05 1.721122783279871714e-05 2.329004044315285054e-05 1.400795470118958024e-06 -8.659983495539818801e-08 4.045424091099078523e-03 7.194577706535476569e-04 1.437424020123962472e-03 -1.078702971740008081e-03 -3.337329412482419413e-04 -1.812719098803675490e-03 -1.400127269172904160e-03 1.179449753206043665e-02 -1.691226995874581807e-01 1.284930213579055236e-01 -2.206926997726236517e-01 -2.330906284341179857e-01 4.435300026384219826e-05 7.634650761912960932e-05 -6.117598972917457560e-05 1.664140941578886354e-04 7.032010418372415213e-05 2.913925413178847950e-04 -5.036192088739648541e-03 1.582493285429791008e-02
-1.752277847168108940e-04 -6.135240654539862823e-05 -1.516341138205243679e-05 -1.169366354631208639e-06 -2.139906178324858785e-05 -1.814455915350051372e-05 1.012963867849838974e-04 1.291493312669774298e-03 1.987387121854900917e-03 -4.218954436185724640e-07 4.954716173427024547e-07 1.080520629388690127e-06 -1.651631875200035406e-06 -1.689117990119942712e-06 -9.108091097380809373e-07 -1.531638619454338192e-06 5.776169402857699879e-07 1.986602750206939927e-07 -5.864161774973297256e-08 1.546362120081857832e-08 1.114452564802177054e-02 5.544991968193454808e-05 2.272970991462732251e-04 9.262269886307456738e-04 -4.073195564275344273e-04 5.079655978994920482e-04 9.688315637603030564e-04 -1.801554015580424887e-03 -3.721387146134150919e-02 -3.202770517760275548e-02 2.510732129115357189e-03 -8.863268352042926596e-03 -6.984052801191481926e-06 -4.726193610404474395e-06 -3.970929366857609227e-05 2.170584153330250975e-06 3.208368384365624631e-05 1.301561159416481333e-04 -5.095310703140189766e-03 -4.507772207293688892e-04
2.959062726448994236e-06 1.779093794909468146e-06 5.535259999540818703e-07 4.566399445882796285e-08 4.161134062281745350e-07 -6.020143941522953922e-07 -9.824433330934351778e-06 2.004930981557455364e-06 -4.218954436185724640e-07 2.389446099627563305e-05 7.468690692572705095e-07 -1.660164228791848388e-10 1.218408902687090366e-07 -3.335302157785846732e-08 3.591378852340334854e-07 2.007309086709727450e-08 1.916861706145292271e-07 2.605126779266688850e-07 1.912456840667209400e-08 -1.037457964023149768e-08 -6.370062920559528465e-04 -1.551822097982071130e-05 3.706430792445004949e-06 3.574741890506429108e-05 -6.821489182064148613e-05 -3.345789388226142478e-05 -1.144389152876394706e-05 1.840946516729559846e-04 -1.109049802353981404e-03 1.910188733952805380e-03 -1.036807854984588819e-03 1.902138994941884572e-03 2.320849419301980312e-07 6.378308936896412535e-08 -4.447269705280182697e-06 -7.350987926578445619e-07 -1.050953908319581149e-06 1.612486011914197992e-05 1.253060462835946015e-04 -1.223566055844468089e-03
3.494045360183759278e-06 3.594634353471320852e-07 1.574818773220413284e-07 3.178430421446743816e-08 2.010665237863578331e-07 1.011559453231021845e-06 -1.129056104406842383e-05 8.683631649836396856e-06 4.954716173427024547e-07 7.468690692572705095e-07 2.385039763411153058e-05 4.591477304218180697e-07 1.998544292106986302e-07 2.651039920019003583e-07 -2.636879056364472932e-07 3.115226143278295760e-07 1.651319017885319657e-07 1.552210576802997847e-07 7.415149170775892731e-09 2.559253666142363720e-08 1.452581986821602396e-04 2.566124060360323067e-06 -4.297344163724922867e-05 5.191305811295544967e-05 -7.543055991785245409e-05 1.154500993615869209e-06 -2.240496023700446076e-05 2.445188131719812559e-06 -6.385293180653396974e-03 -3.328832307078245963e-03 3.770631955632576093e-04 -2.306262470834190541e-03 -1.438000303857074443e-07 3.767140693629897026e-07 -5.191359420951876714e-06 -1.063994262624073589e-06 -3.972400494203936484e-06 1.361779706930076842e-05 1.747023262524173299e-04 -1.408790818546044247e-04
-5.979784103448439937e-06 -3.135140343988269525e-06 -6.087664739933821700e-07 -3.382492809154189829e-08 -8.675941183710103945e-07 -1.059997840793928152e-07 -3.191648769349584318e-06 3.203523463362468435e-05 1.080520629388690127e-06 -1.660164228791848388e-10 4.591477304218180697e-07 2.382663622293804004e-05 1.934784376129013715e-07 -1.827952429727341134e-07 2.578491655566340917e-07 -6.970311810123509162e-08 7.202653342432888449e-08 1.338176605811614002e-07 -8.621377533624848359e-09 4.693651456990636146e-08 6.743020459764531094e-04 -1.458255327953619046e-06 -2.773034991012598033e-05 -4.308194007192583767e-05 -1.238298631524042026e-04 2.858050089615214582e-05 -3.271400400610942685e-04 -7.150042071093989536e-04 -8.020146972667844404e-04 -3.586713413979970583e-03 -1.202690721555206175e-03 -1.507653009719555747e-03 8.911288292084922898e-07 -1.104860377629725532e-07 6.182773409012081138e-06 4.361715379975069583e-07 4.128811627980166678e-08 -2.054748174070110234e-06 -2.245777050637586805e-04 1.346327025707242352e-04
-1.884384835557894286e-06 -4.200548134820692622e-07 -1.375083654456620608e-07 -2.192932629474594444e-08 -2.989168869540171914e-07 -4.288147573592425522e-08 3.408066526490354938e-06 8.143735179660553859e-06 -1.651631875200035406e-06 1.218408902687090366e-07 1.998544292106986302e-07 1.934784376129013715e-07 2.477152105900816642e-05 -2.378786957371490248e-08 2.069651668251629477e-07 1.750640736529877429e-07 -3.608148094905816975e-08 5.402531035097157114e-08 -1.118981770741285126e-08 3.614539714691728358e-08 7.611081794862369944e-04 2.873865426215045435e-06 2.110822463892599293e-05 5.170259647625712681e-05 -3.888189908677253028e-05 1.315238692834763993e-04 -1.011480723068251066e-04 -2.320463621979071856e-04 -1.178084047447943610e-03 -7.801886000628798293e-04 2.148563725253681365e-03 -4.491723970349886796e-03 -1.928339297811066617e-06 -1.093703684237980077e-06 8.463521420035846893e-08 6.146977957730538974e-07 -3.136309816161794700e-06 1.099458615686927340e-05 -7.808618929425637051e-06 1.489031740773398441e-04
1.289300799329617072e-06 4.067791691642078156e-07 1.521685396692224273e-07 1.453304069179820139e-08 1.470923656932105515e-07 2.171621427013578998e-07 -5.898697831489621704e-06 1.109164360692928009e-06 -1.689117990119942712e-06 -3.335302157785846732e-08 2.651039920019003583e-07 -1.827952429727341134e-07 -2.378786957371490248e-08 2.488042376035468620e-05 1.583166112575018731e-07 1.873018092195029640e-07 3.440993130082344972e-08 -2.601631991172733466e-09 -2.707041402814196887e-09 -2.899687238734350189e-08 -2.733048753741507001e-04 -9.994274996464089884e-07 -6.262303705311696297e-05 1.130046751552053205e-04 -2.561371070585488182e-05 5.373066694648682344e-05 -5.578704103758419205e-05 -6.861154813643561168e-05 -2.575145324446181765e-03 -3.958545469572367047e-03 2.144985191523545744e-04 2.002377018656887296e-03 3.689215217648787924e-09 4.698929646865775764e-07 -2.455646922756331813e-06 -2.980696611856850368e-07 5.290473450954193137e-08 -3.689371510166604161e-06 3.257981720780424892e-05 -1.904616423680472685e-04
3.591490347643178768e-07 4.976690909413356829e-07 -3.300672368646905759e-10 3.917136629111815707e-10 5.388796569073045839e-08 -8.260089838155386604e-08 -6.032998240425518918e-06 -1.903865009883988692e-06 -9.108091097380809373e-07 3.591378852340334854e-07 -2.636879056364472932e-07 2.578491655566340917e-07 2.069651668251629477e-07 1.583166112575018731e-07 2.441661366502559570e-05 2.403430258589345955e-08 5.270870688008807511e-08 -7.041201443269155432e-08 1.371479425725746976e-08 1.146813685243213960e-08 -1.431753173194072384e-04 4.445579105122218553e-06 -3.354077876121762934e-05 -2.072893088457076688e-05 9.261606441220737151e-06 -2.522106828760643966e-05 -1.541190816406830168e-04 -1.957720905423024241e-04 7.479305081880058400e-04 3.875761956001105889e-04 -8.987014068607703486e-04 9.882921498362683826e-04 5.251237241109308650e-07 -1.156606466110503412e-07 -5.788714115329377030e-07 -7.124621689872414025e-07 4.074469704996054756e-06 -7.819099155695252083e-07 4.438612882850289710e-05 -1.217629613518029369e-04
-3.362034717476369849e-06 -1.433205389315649643e-06 -3.151710108269926178e-07 -2.284345557800064302e-08 -3.981596920759912508e-07 -2.964420543541015537e-07 -3.870116524563112399e-06 2.351659003448304037e-05 -1.531638619454338192e-06 2.007309086709727450e-08 3.115226143278295760e-07 -6.970311810123509162e-08 1.750640736529877429e-07 1.873018092195029640e-07 2.403430258589345955e-08 2.464782616600731327e-05 1.919458784602738633e-07 -7.904377642893462674e-10 1.957014765878358687e-08 1.525057730541200912e-08 -2.569230212515377946e-04 1.535440111959198608e-06 1.752066977951833120e-05 -1.769455360911686908e-05 -1.928359819265516783e-05 -3.183000562325790876e-06 -2.407360807872327389e-05 -1.097092572371875677e-04 7.609300908385810630e-04 5.802876776572265909e-03 1.899585821637958484e-04 -1.953910204337155811e-03 1.570890170335196812e-07 -9.605339923297164828e-07 -1.764570684753970043e-06 -5.831293709365570229e-07 1.518164777408919926e-06 -9.357530002810706215e-06 -6.845308831486563719e-05 7.386360897474708825e-05
-2.447135820957242692e-06 -9.871246323017197351e-07 -1.969013934594264026e-07 -2.868574470111964447e-08 -2.340577598809581419e-07 -2.419113571556227423e-07 6.935027595444986145e-06 1.721122783279871714e-05 5.776169402857699879e-07 1.916861706145292271e-07 1.651319017885319657e-07 7.202653342432888449e-08 -3.608148094905816975e-08 3.440993130082344972e-08 5.270870688008807511e-08 1.919458784602738633e-07 2.481635919384010146e-05 -5.783498402535981201e-08 -1.129905172921607621e-08 -9.985411845209513685e-09 -2.555083133771955521e-04 -4.800362005689868472e-06 -7.030110150967805373e-05 4.941503756680391607e-05 1.206721329649946590e-05 -4.641684941103526007e-05 2.691310988256531142e-06 1.397710193766182169e-04 -1.332703408712733968e-05 -1.166313324059165771e-03 1.403780553404352380e-03 8.905138219615938442e-04 4.249879148008424400e-07 -1.007649983848535840e-06 1.709501933701657979e-06 -1.740312584912757199e-06 4.769020722240605628e-06 -8.169714973849079271e-06 -5.694860616677559402e-07 1.696042653994855214e-04
1.265925978546389982e-05 -1.943219125707840667e-07 5.255458264338669422e-08 1.025060851220063400e-08 5.384878326411612422e-08 -4.925503695260013740e-08 3.276441728229880769e-06 2.329004044315285054e-05 1.986602750206939927e-07 2.605126779266688850e-07 1.552210576802997847e-07 1.338176605811614002e-07 5.402531035097157114e-08 -2.601631991172733466e-09 -7.041201443269155432e-08 -7.904377642893462674e-10 -5.783498402535981201e-08 6.281239192196229551e-06 -1.363863492611974323e-08 2.608068614372740053e-09 6.640939609267976999e-04 4.341359894764608222e-06 -8.260857148332738213e-06 9.203157781213502583e-05 -2.866804953758679162e-05 5.487325788794897302e-05 -1.436356230827512738e-05 4.927523958305530692e-04 -1.064354720727965151e-03 5.208022302290257364e-04 -1.465656271928558957e-03 -1.633713813953028638e-03 -2.484253099933317222e-07 1.409379899585593842e-08 -5.958453389382040877e-07 -1.022558240686059299e-06 1.210346475889473963e-07 -7.123703911415197316e-07 1.580400774779077138e-05 1.056724678852356966e-04
3.136723012917734271e-07 1.143723029039576479e-07 1.425003072236546664e-08 7.077421692776555834e-09 7.491060225334252569e-09 -2.391778935646751446e-08 5.537848505907905424e-07 1.400795470118958024e-06 -5.864161774973297256e-08 1.912456840667209400e-08 7.415149170775892731e-09 -8.621377533624848359e-09 -1.118981770741285126e-08 -2.707041402814196887e-09 1.371479425725746976e-08 1.957014765878358687e-08 -1.129905172921607621e-08 -1.363863492611974323e-08 4.424721798371378892e-07 -2.865082117286216585e-09 -1.061902960445113589e-04 1.019701544874416300e-06 2.671531789959556800e-05 -2.700706926844332101e-05 9.635700069872098748e-05 -1.019177242386231139e-04 -4.894066828909327628e-05 5.433333172868208370e-05 4.263126508502758025e-03 -4.170078733554902391e-03 -6.081708265791539454e-05 -1.623998137642906545e-04 6.257538306088616009e-08 5.649364356833929980e-08 1.172520237226021801e-07 2.823518908416664814e-08 -4.432816226704741080e-07 2.166017680899180813e-06 8.350661395765680705e-07 -1.711882564837187179e-06
-5.775293872429713980e-08 -1.852779381383741410e-08 -1.844406249234099375e-08 -2.232065517845653616e-09 -2.062665182781728811e-08 1.229333532173287421e-08 -5.637029335138302073e-08 -8.659983495539818801e-08 1.546362120081857832e-08 -1.037457964023149768e-08 2.559253666142363720e-08 4.693651456990636146e-08 3.614539714691728358e-08 -2.899687238734350189e-08 1.146813685243213960e-08 1.525057730541200912e-08 -9.985411845209513685e-09 2.608068614372740053e-09 -2.865082117286216585e-09 4.116357979433993553e-07 5.020700327568788836e-04 2.287448386626324835e-06 -2.212173359027433489e-06 3.496311189497287667e-06 4.611536328014919937e-06 -1.459848209487071739e-05 2.642077585455435162e-04 5.474389203691937527e-04 -8.709088785635929605e-05 -8.723353405685036442e-04 1.119106971353565861e-03 -2.131130759550185240e-04 1.601068824219457182e-07 6.349633117050529498e-08 -6.412960177131965099e-08 1.220307889192015453e-07 3.181429010550861693e-08 1.429887642176052328e-06 -1.967592424895990668e-06 2.218040717009549939e-05
-6.836496631512057991e-03 -2.103149298497039490e-03 -8.433722525902024453e-04 -1.625216678823775205e-04 -4.468551000565597342e-04 -9.657936165464554379e-04 -1.620943086040725623e-02 4.045424091099078523e-03 1.114452564802177054e-02 -6.370062920559528465e-04 1.452581986821602396e-04 6.743020459764531094e-04 7.611081794862369944e-04 -2.733048753741507001e-04 -1.431753173194072384e-04 -2.569230212515377946e-04 -2.555083133771955521e-04 6.640939609267976999e-04 -1.061902960445113589e-04 5.020700327568788836e-04 4.618488368601920797e+02 -8.867254177021183237e-02 -7.509481817054101116e-01 6.648817436517149293e-01 3.410755677683385834e-01 -1.326123351119979366e-01 -1.939639285529159096e+01 -6.122429593906424117e+01 4.012701214376595260e+01 -1.842070491502777259e+02 7.810566658183888649e+02 -6.120999566596137811e+02 -1.109783891921181827e-02 -4.936282691783929789e-04 -7.123941044274354970e-03 1.455491108023415029e-03 -1.864330735121786514e-02 -6.026389268958407680e-02 2.713766768066186094e-02 -2.595172387300655192e-02
1.127158874467882368e-04 7.171866297788073111e-05 1.090483778063157361e-05 1.570845126701157637e-06 1.295705028006767122e-05 -2.618363659026514871e-06 3.340971839867506359e-04 7.194577706535476569e-04 5.544991968193454808e-05 -1.551822097982071130e-05 2.566124060360323067e-06 -1.458255327953619046e-06 2.873865426215045435e-06 -9.994274996464089884e-07 4.445579105122218553e-06 1.535440111959198608e-06 -4.800362005689868472e-06 4.341359894764608222e-06 1.019701544874416300e-06 2.287448386626324835e-06 -8.867254177021183237e-02 8.307125626514405559e-02 -1.165975342965292535e-03 -5.080586485991692852e-03 -5.795952970033983742e-03 5.798078108816923050e-04 1.487272790766690396e-02 8.966468673691233016e-03 -3.635751575383971423e-01 -2.932540754698794716e-01 2.475888926156879499e-01 -5.702794249299898421e-01 5.374580460562078550e-05 4.932856229339946342e-05 9.644508169709777902e-05 1.093009474842091737e-04 2.756183993765760703e-04 5.599922993006628276e-05 -2.035099576991973634e-04 2.589753655320839888e-03
-6.187333364143658742e-04 -1.267984377521875409e-04 6.605047772387187424e-05 1.760368612485458273e-06 1.534106113070349029e-05 -1.060314303515345750e-04 1.703246228000555125e-03 1.437424020123962472e-03 2.272970991462732251e-04 3.706430792445004949e-06 -4.297344163724922867e-05 -2.773034991012598033e-05 2.110822463892599293e-05 -6.262303705311696297e-05 -3.354077876121762934e-05 1.752066977951833120e-05 -7.030110150967805373e-05 -8.260857148332738213e-06 2.671531789959556800e-05 -2.212173359027433489e-06 -7.509481817054101116e-01 -1.165975342965292535e-03 4.575182908663892434e+00 -3.631851886851035438e+00 -1.084905015290669322e-01 2.441911761460842378e-02 4.097342968229414906e-01 2.890004425509302699e-01 -5.102135318356491034e+00 1.868507598122197133e-01 1.124742282770856328e+01 -3.535666351270401631e+00 2.368391862705719652e-04 -3.385889809933912472e-04 -4.563753596563504579e-04 -3.582412661988203934e-04 6.507513300223562083e-04 4.389586254230376343e-03 -1.342673612535108529e-02 -5.089261016434278723e-02
2.216402076690105133e-04 -1.482623897551353632e-04 -1.315564226203593037e-05 7.800759164796678126e-06 4.128912839974381029e-06 -3.028603139539803844e-05 -1.127284841113929906e-03 -1.078702971740008081e-03 9.262269886307456738e-04 3.574741890506429108e-05 5.191305811295544967e-05 -4.308194007192583767e-05 5.170259647625712681e-05 1.130046751552053205e-04 -2.072893088457076688e-05 -1.769455360911686908e-05 4.941503756680391607e-05 9.203157781213502583e-05 -2.700706926844332101e-05 3.496311189497287667e-06 6.648817436517149293e-01 -5.080586485991692852e-03 -3.631851886851035438e+00 7.326961922270347927e+00 9.468221747656496712e-02 1.461786889622199506e-02 -2.769405053665849881e-01 -1.147818650916507810e-01 3.919394607011627230e+00 4.522248505610836772e-02 -7.675062805380402864e+00 2.406110349105247792e+00 -2.380771665286970321e-04 4.507686204257379029e-04 1.287944887484683684e-03 2.119036351220762629e-04 -1.126895464552664719e-03 -1.232190225556572052e-02 -1.699575150738208201e-03 -3.852482506062887297e-03
4.938762796808097337e-04 1.092693048413861511e-03 1.532371125679751474e-04 1.385788691009996945e-05 2.641465386114838994e-05 1.528793505926439439e-04 8.150888559661726698e-04 -3.337329412482419413e-04 -4.073195564275344273e-04 -6.821489182064148613e-05 -7.543055991785245409e-05 -1.238298631524042026e-04 -3.888189908677253028e-05 -2.561371070585488182e-05 9.261606441220737151e-06 -1.928359819265516783e-05 1.206721329649946590e-05 -2.866804953758679162e-05 9.635700069872098748e-05 4.611536328014919937e-06 3.410755677683385834e-01 -5.795952970033983742e-03 -1.084905015290669322e-01 9.468221747656496712e-02 3.511847504358166283e+00 4.246074710033593269e-01 1.357220491605308152e-02 -1.291136480660052543e-01 -7.561925237318159354e+00 6.327935102252818744e+00 2.824901735262103308e+00 -4.919276993160182077e-01 -9.417704012846186837e-04 4.168797497295364737e-04 -9.648602050214696109e-05 9.113986142056765846e-05 -4.270371857600402279e-04 -2.015542269119607183e-03 5.978595147584957886e-03 1.085288440008115455e-03
-3.556684182286377676e-04 1.621621104503927929e-04 4.121654302305482581e-05 3.282365248420392031e-06 -1.742032415587302453e-05 -1.316762226128105682e-04 8.000162371316768355e-06 -1.812719098803675490e-03 5.079655978994920482e-04 -3.345789388226142478e-05 1.154500993615869209e-06 2.858050089615214582e-05 1.315238692834763993e-04 5.373066694648682344e-05 -2.522106828760643966e-05 -3.183000562325790876e-06 -4.641684941103526007e-05 5.487325788794897302e-05 -1.019177242386231139e-04 -1.459848209487071739e-05 -1.326123351119979366e-01 5.798078108816923050e-04 2.441911761460842378e-02 1.461786889622199506e-02 4.246074710033593269e-01 3.388696903440006292e+00 2.541162504452810111e+00 2.387886803191276108e+00 9.005384203997802928e+00 -1.284484471434613972e+01 4.162085515286808146e+00 -1.362685650215101463e+00 -3.488698512548910361e-04 9.894369436493460055e-05 1.516576740791403537e-04 6.138217913833247203e-04 -5.857937850489582749e-04 5.046609227915239276e-03 -8.908528820931954986e-03 -2.313556918598227985e-02
-2.558193805794908393e-04 3.121033019268839833e-04 1.272592304735424952e-04 1.601657473445239959e-05 -5.640613110507827928e-05 -5.797677041856242344e-05 5.165492487323852973e-03 -1.400127269172904160e-03 9.688315637603030564e-04 -1.144389152876394706e-05 -2.240496023700446076e-05 -3.271400400610942685e-04 -1.011480723068251066e-04 -5.578704103758419205e-05 -1.541190816406830168e-04 -2.407360807872327389e-05 2.691310988256531142e-06 -1.436356230827512738e-05 -4.894066828909327628e-05 2.642077585455435162e-04 -1.939639285529159096e+01 1.487272790766690396e-02 4.097342968229414906e-01 -2.769405053665849881e-01 1.357220491605308152e-02 2.541162504452810111e+00 1.878497672419015529e+01 3.211444892889064562e+01 5.429067114389216187e+00 4.895725544118418782e+01 -5.308504796207482457e+01 -1.938332611236772141e-01 -9.983338135710320606e-04 -1.623364201077497071e-04 4.729061752251871587e-03 -1.666868047523944584e-03 2.190863813968379494e-04 1.242382381589926359e-02 6.745051116540870008e-03 -2.700992727365541732e-02
3.436705144676462619e-03 1.263556997019766323e-03 3.524340591781995524e-04 3.989339394654160619e-05 1.988067830294120558e-04 6.909412798473072305e-05 7.054358982302429658e-03 1.179449753206043665e-02 -1.801554015580424887e-03 1.840946516729559846e-04 2.445188131719812559e-06 -7.150042071093989536e-04 -2.320463621979071856e-04 -6.861154813643561168e-05 -1.957720905423024241e-04 -1.097092572371875677e-04 1.397710193766182169e-04 4.927523958305530692e-04 5.433333172868208370e-05 5.474389203691937527e-04 -6.122429593906424117e+01 8.966468673691233016e-03 2.890004425509302699e-01 -1.147818650916507810e-01 -1.291136480660052543e-01 2.387886803191276108e+00 3.211444892889064562e+01 8.468055450950102170e+01 7.672992281732979869e-01 7.739482116240417042e+01 -4.115176800170087290e+01 -2.535005070815217820e+01 1.217672733965057940e-03 -2.528639297669101518e-05 9.816028426397116480e-03 -1.566686082964476728e-03 4.754839752957229840e-03 1.139393697595294727e-02 2.487774044415084346e-02 3.261426409043212404e-02
-5.696264850503272859e-02 -2.109170011346405207e-02 4.639277997546774161e-03 2.981539590278130042e-04 -1.000821118197731596e-03 -3.459348540207958771e-03 1.181325724701034058e-01 -1.691226995874581807e-01 -3.721387146134150919e-02 -1.109049802353981404e-03 -6.385293180653396974e-03 -8.020146972667844404e-04 -1.178084047447943610e-03 -2.575145324446181765e-03 7.479305081880058400e-04 7.609300908385810630e-04 -1.332703408712733968e-05 -1.064354720727965151e-03 4.263126508502758025e-03 -8.709088785635929605e-05 4.012701214376595260e+01 -3.635751575383971423e-01 -5.102135318356491034e+00 3.919394607011627230e+00 -7.561925237318159354e+00 9.005384203997802928e+00 5.429067114389216187e+00 7.672992281732979869e-01 1.257350567716820115e+04 7.128869289042709170e+02 6.654021813480807168e+01 -1.205354876552720000e+01 -3.947800501336112822e-03 -1.893092157167513417e-02 -8.990236856003901850e-03 1.288054383173608056e-02 -2.216583099095361178e-02 2.452217656692003978e-01 1.775430430240930099e-02 1.476225229185959442e+00
-1.211468082291478239e-02 -8.235286547967492861e-04 2.788460825222178769e-03 2.663977536321096573e-04 7.176425091982646057e-04 -4.350792066743674850e-03 8.902981184171357421e-02 1.284930213579055236e-01 -3.202770517760275548e-02 1.910188733952805380e-03 -3.328832307078245963e-03 -3.586713413979970583e-03 -7.801886000628798293e-04 -3.958545469572367047e-03 3.875761956001105889e-04 5.802876776572265909e-03 -1.166313324059165771e-03 5.208022302290257364e-04 -4.170078733554902391e-03 -8.723353405685036442e-04 -1.842070491502777259e+02 -2.932540754698794716e-01 1.868507598122197133e-01 4.522248505610836772e-02 6.327935102252818744e+00 -1.284484471434613972e+01 4.895725544118418782e+01 7.739482116240417042e+01 7.128869289042709170e+02 1.257798493078924912e+04 1.273391620925171992e+03 -3.984874023402480248e+02 1.758019088823815218e-02 2.946696162310917695e-04 -5.793428411601159178e-03 -1.048326325490224059e-01 3.572349588465950632e-02 -1.393783891123999696e-01 -3.868357059467258385e-01 -3.602051531527062922e-01
-1.327643813762787069e-02 1.729576700833785133e-02 4.678329165959667184e-03 1.066281857022584930e-03 -8.242857839763373124e-04 -1.156711464060153523e-02 -1.287765831573254027e-01 -2.206926997726237905e-01 2.510732129115397088e-03 -1.036807854984590120e-03 3.770631955632561998e-04 -1.202690721555207043e-03 2.148563725253683099e-03 2.144985191523542491e-04 -8.987014068607709991e-04 1.899585821637964989e-04 1.403780553404350429e-03 -1.465656271928557873e-03 -6.081708265791525224e-05 1.119106971353565861e-03 7.810566658183888649e+02 2.475888926156881165e-01 1.124742282770856328e+01 -7.675062805380402864e+00 2.824901735262103308e+00 4.162085515286807258e+00 -5.308504796207482457e+01 -4.115176800170085869e+01 6.654021813480807168e+01 1.273391620925171992e+03 1.178539678565272334e+04 1.124478172915044752e+03 3.802834476841326569e-03 1.973276299417291504e-02 -1.368469186863836146e-02 6.047178141693223402e-02 -7.831792238556269103e-03 -1.009572154996018073e-01 5.919170966051123806e-02 7.021920223812812001e-01
-3.257159176443626819e-02 6.011537069958202952e-05 2.267082541266829930e-04 1.057855349938726936e-04 -2.724811987126548197e-03 -6.926690673638682266e-03 -5.870610923895681378e-03 -2.330906284341179857e-01 -8.863268352042926596e-03 1.902138994941884572e-03 -2.306262470834190541e-03 -1.507653009719555747e-03 -4.491723970349886796e-03 2.002377018656887296e-03 9.882921498362683826e-04 -1.953910204337155811e-03 8.905138219615938442e-04 -1.633713813953028638e-03 -1.623998137642906545e-04 -2.131130759550185240e-04 -6.120999566596137811e+02 -5.702794249299898421e-01 -3.535666351270401631e+00 2.406110349105247792e+00 -4.919276993160182077e-01 -1.362685650215101463e+00 -1.938332611236772141e-01 -2.535005070815217820e+01 -1.205354876552720000e+01 -3.984874023402480248e+02 1.124478172915044752e+03 1.313741723862429353e+04 2.422211279967059067e-02 -2.117052787805007510e-02 6.404541877191508026e-02 -1.581861147528500905e-02 6.682975838182615702e-02 2.048719976606047655e-01 3.064689542467632366e-01 -1.759084873468919508e+00
1.778003766319754794e-06 -6.270285206232646745e-06 -1.094073712752194660e-06 -2.106061736070599294e-07 2.215027519003944529e-07 2.809506129178546131e-06 -2.439076150963890460e-05 4.435300026384219826e-05 -6.984052801191481926e-06 2.320849419301980312e-07 -1.438000303857074443e-07 8.911288292084922898e-07 -1.928339297811066617e-06 3.689215217648787924e-09 5.251237241109308650e-07 1.570890170335196812e-07 4.249879148008424400e-07 -2.484253099933317222e-07 6.257538306088616009e-08 1.601068824219457182e-07 -1.109783891921181827e-02 5.374580460562078550e-05 2.368391862705719652e-04 -2.380771665286970321e-04 -9.417704012846186837e-04 -3.488698512548910361e-04 -9.983338135710320606e-04 1.217672733965057940e-03 -3.947800501336112822e-03 1.758019088823815218e-02 3.802834476841326569e-03 2.422211279967059067e-02 1.492941429689017023e-03 2.726526809316464814e-04 -3.403987214580092899e-05 -4.203460211513498131e-04 -9.476510953269922351e-06 -2.383414313397377046e-04 -1.068350232838680684e-04 1.763298480416571057e-04
1.126179707928838888e-05 2.513256099611623675e-06 -5.967120844317846172e-07 -7.581987973481113806e-08 4.662658760159331939e-07 3.590499259562700222e-06 -1.583175994981614088e-05 7.634650761912969064e-05 -4.726193610404471007e-06 6.378308936896498562e-08 3.767140693629901261e-07 -1.104860377629723944e-07 -1.093703684237981136e-06 4.698929646865769412e-07 -1.156606466110503015e-07 -9.605339923297166946e-07 -1.007649983848535628e-06 1.409379899585606084e-08 5.649364356833927995e-08 6.349633117050545380e-08 -4.936282691783888590e-04 4.932856229339948375e-05 -3.385889809933910846e-04 4.507686204257377403e-04 4.168797497295362569e-04 9.894369436493447858e-05 -1.623364201077504389e-04 -2.528639297669229929e-05 -1.893092157167513417e-02 2.946696162310917695e-04 1.973276299417291504e-02 -2.117052787805007510e-02 2.726526809316464814e-04 9.042701256469050852e-04 -1.299314791069831111e-07 7.226735711805165781e-04 -8.863448057846295890e-06 -7.906812354204949755e-05 3.271204017279368849e-05 4.877923011733121682e-04
-1.544820220866140751e-05 -1.067381870830581688e-05 -1.333680222740616254e-06 -2.537849715239283846e-07 1.289929190412474536e-07 -1.045192661509366143e-06 -8.298361409968743065e-05 -6.117598972917457560e-05 -3.970929366857609227e-05 -4.447269705280182697e-06 -5.191359420951876714e-06 6.182773409012081138e-06 8.463521420035846893e-08 -2.455646922756331813e-06 -5.788714115329377030e-07 -1.764570684753970043e-06 1.709501933701657979e-06 -5.958453389382040877e-07 1.172520237226021801e-07 -6.412960177131965099e-08 -7.123941044274354970e-03 9.644508169709777902e-05 -4.563753596563504579e-04 1.287944887484683684e-03 -9.648602050214696109e-05 1.516576740791403537e-04 4.729061752251871587e-03 9.816028426397116480e-03 -8.990236856003901850e-03 -5.793428411601159178e-03 -1.368469186863836146e-02 6.404541877191508026e-02 -3.403987214580092899e-05 -1.299314791069831111e-07 7.982758150480585846e-03 1.507124839295033116e-05 2.389390137887407423e-05 -7.044969922382505600e-05 -1.727724324759482742e-04 -2.483136563579020628e-04
7.000975191241732906e-06 2.504350186375137381e-06 8.093591605668277907e-07 -1.222392792065042700e-07 3.974812603534186114e-06 -5.151629981661912372e-06 -5.039234788623764077e-05 1.664140941578886354e-04 2.170584153330250975e-06 -7.350987926578445619e-07 -1.063994262624073589e-06 4.361715379975069583e-07 6.146977957730538974e-07 -2.980696611856850368e-07 -7.124621689872414025e-07 -5.831293709365570229e-07 -1.740312584912757199e-06 -1.022558240686059299e-06 2.823518908416664814e-08 1.220307889192015453e-07 1.455491108023414595e-03 1.093009474842091737e-04 -3.582412661988203934e-04 2.119036351220762629e-04 9.113986142056765846e-05 6.138217913833247203e-04 -1.666868047523944584e-03 -1.566686082964476728e-03 1.288054383173608056e-02 -1.048326325490224059e-01 6.047178141693223402e-02 -1.581861147528500905e-02 -4.203460211513498131e-04 7.226735711805165781e-04 1.507124839295033116e-05 3.298764179169547724e-03 -3.406346971244048115e-05 3.888691564127768175e-06 5.154336115571384090e-04 1.841476067249840122e-03
-2.831039154715523485e-07 -1.420707385547363078e-06 6.930073095936270687e-07 9.729084214836204601e-08 4.812750594377866517e-07 9.008109890269756355e-07 -2.517674423729250179e-06 7.032010418372415213e-05 3.208368384365627342e-05 -1.050953908319582420e-06 -3.972400494203933943e-06 4.128811627980542549e-08 -3.136309816161797241e-06 5.290473450954060126e-08 4.074469704996053062e-06 1.518164777408918656e-06 4.769020722240603933e-06 1.210346475889486404e-07 -4.432816226704739492e-07 3.181429010550820664e-08 -1.864330735121784433e-02 2.756183993765759619e-04 6.507513300223565335e-04 -1.126895464552662984e-03 -4.270371857600396858e-04 -5.857937850489577328e-04 2.190863813968366755e-04 4.754839752957230707e-03 -2.216583099095361178e-02 3.572349588465950632e-02 -7.831792238556269103e-03 6.682975838182615702e-02 -9.476510953269922351e-06 -8.863448057846295890e-06 2.389390137887407423e-05 -3.406346971244048115e-05 8.063384227360753317e-03 2.585948879935232001e-05 -5.563074758043666350e-04 -6.665338460031133448e-04
-5.820277658251994554e-05 -2.532615485827046463e-05 -3.614223327170422683e-06 -7.058602496192665278e-07 4.957334733962760575e-07 -1.807263058429569281e-05 -3.748820286204080656e-04 2.913925413178847950e-04 1.301561159416481333e-04 1.612486011914197992e-05 1.361779706930076842e-05 -2.054748174070110234e-06 1.099458615686927340e-05 -3.689371510166604161e-06 -7.819099155695252083e-07 -9.357530002810706215e-06 -8.169714973849079271e-06 -7.123703911415197316e-07 2.166017680899180813e-06 1.429887642176052328e-06 -6.026389268958407680e-02 5.599922993006628276e-05 4.389586254230376343e-03 -1.232190225556572052e-02 -2.015542269119607183e-03 5.046609227915239276e-03 1.242382381589926359e-02 1.139393697595294727e-02 2.452217656692003978e-01 -1.393783891123999696e-01 -1.009572154996018073e-01 2.048719976606047655e-01 -2.383414313397377046e-04 -7.906812354204949755e-05 -7.044969922382505600e-05 3.888691564127768175e-06 2.585948879935232001e-05 2.903936994001967697e-01 -1.840118524109147103e-03 -2.017431866157906335e-03
