# logA ns theta_MC_100 omegabh2 omegach2 tau omegam_growth DES_DZ_S1 DES_DZ_S2 DES_DZ_S3 DES_DZ_S4 DES_M1 DES_M2 DES_M3 DES_M4 A_planck calib_100T calib_217T A_cib_217 xi_sz_cib A_sz ksz_norm gal545_A_100 gal545_A_143 gal545_A_143_217 gal545_A_217 ps_A_100_100 ps_A_143_143 ps_A_143_217 ps_A_217_217 galf_TE_A_100 galf_TE_A_100_143 galf_TE_A_100_217 galf_TE_A_143 galf_TE_A_143_217 galf_TE_A_217 DES_A1_1 DES_A1_2
6.016938058423680277e-04 2.819837641663711591e-04 4.769633963312177569e-05 7.164609495250923570e-06 2.559147892829699041e-05 1.283227930700265565e-04 -3.066661259603216351e-04 3.068892119821362618e-06 -2.619054924590418292e-07 -5.731124443186039677e-06 -2.212082283211336165e-06 1.393331671015342807e-07 3.611016077264174973e-07 -6.220407496063777202e-06 -3.115542112497842711e-06 8.567135569430516629e-06 5.546468878734203435e-07 -2.103276271602630269e-08 -5.487735169930045391e-03 -9.032563747340258665e-06 -8.135241112791224581e-04 8.361887962021792445e-04 7.903485168915270467e-04 -4.224884615451565835e-04 -4.157300947616887903e-04 6.791289437993426950e-04 -4.345863576893958802e-02 -1.424226888492640883e-02 -1.700103635876119151e-02 9.105072624292075145e-03 4.434960372739613634e-07 -3.882937369430997520e-06 -1.021116063209311950e-05 -1.493973230129288160e-05 -1.010049916320082107e-05 1.768803353666472476e-05 3.015320951329831470e-03 -5.880700373422011483e-05
2.819837641663711591e-04 2.858199320385826337e-04 4.158448002327715657e-05 6.879771779104309550e-06 1.390265350015559930e-05 9.660321559930828679e-06 -1.109327254114185029e-04 3.674108050524712965e-07 -9.211825960755582384e-07 -1.155483441573313571e-06 -1.303347308362812120e-06 1.729195150203254855e-07 1.049644423064303166e-07 -1.510834641422070360e-06 -1.352723834884941738e-06 -1.590672485110392219e-06 3.082090992960815767e-07 -4.058927832777086330e-08 -4.089731769394573321e-03 -3.383633380160324674e-05 -8.292638236402136544e-04 6.905423891785453369e-04 1.675999115389344195e-03 3.122864850135253253e-04 -2.826146216472078736e-04 -1.460945537800367993e-03 -4.027557628044964311e-02 -6.344628183029801111e-03 6.312044830312770957e-03 6.922581527610274614e-03 -1.048724486182592038e-06 -3.938667493973880163e-06 -4.580969584661739035e-06 -1.312277461326047288e-05 -3.208065290465916740e-06 -2.172085585249956330e-05 9.231136453459562897e-04 6.902271494961319080e-04
4.769633963312177569e-05 4.158448002327715657e-05 9.813371141206023992e-06 1.321474387277600350e-06 4.543040017472177839e-06 -9.570470094595239101e-07 -2.789880725195202751e-05 3.039718715275917814e-07 -6.017069046027486173e-08 -4.483004385405079875e-07 -1.798861074692466091e-07 2.231317413745959891e-08 5.843111038663004586e-09 -3.831381195980442054e-07 -3.175112773387362204e-07 -2.519227017810294394e-07 2.221326153997164105e-08 -9.784322408215844378e-09 -6.100141516953936369e-04 -7.985635285307279228e-06 -3.962050572263717182e-05 1.148848353411078833e-04 2.319351954650803545e-04 4.674148701806817913e-05 -2.466249642954664229e-05 -1.662020232282227633e-04 3.043036736127042834e-03 9.277592883482603135e-04 2.371389174981073690e-03 -1.537453185528668640e-03 -4.832995403730043178e-07 -1.139863565834277007e-06 -1.699362385855299367e-06 -8.217550134006754721e-07 1.277845577267434686e-06 2.275615477808559436e-06 2.369867533843709312e-04 -1.346212122083467954e-05
7.164609495250923570e-06 6.879771779104309550e-06 1.321474387277600350e-06 2.363502275243840670e-07 3.970599842916585683e-07 2.726195216857754747e-07 -2.251833040518621522e-06 1.815493727129710834e-08 -3.769829403352028885e-09 -1.492753843006563447e-08 -3.183713202221249757e-09 1.670262529072056050e-09 -1.505269464959861794e-09 -9.516937570624215873e-09 -2.433721022762313306e-08 -1.762530399564516700e-08 9.819357671895362422e-09 -1.973922644217419972e-09 -1.723426708853451051e-04 -1.705415417867088284e-06 -1.146963238463003327e-05 1.928072536485537114e-05 3.509022028753555893e-05 5.724205161388191553e-06 2.962295823975722860e-06 2.664150702899747562e-06 1.131298850824522045e-05 -1.040962162819794823e-04 9.539302108868014801e-04 -4.170411554163016752e-04 -6.076829844697000956e-08 -1.989279185084896409e-07 -3.995227879083718358e-08 -4.031110598406091995e-07 -2.101233240342945432e-08 -6.972271973555405446e-07 9.133780655177786638e-06 2.266847385975200859e-05
2.559147892829699041e-05 1.390265350015559930e-05 4.543040017472177839e-06 3.970599842916585683e-07 5.396121990248589169e-06 -3.970622032888665491e-06 -4.143576302062626808e-05 3.570018041631766223e-07 -5.609653426522436563e-08 -9.879544763859049680e-07 -5.198166119331075820e-07 2.084728675181079026e-08 8.562902061891885670e-09 -8.671829607159254331e-07 -4.470658496807397028e-07 -2.528314047668968863e-07 7.286508998108472020e-09 1.796850170248360965e-09 -1.333133478702249861e-07 -5.473457151629239898e-07 -2.157701392979305944e-05 3.058071603939292119e-05 1.211659630928900787e-05 -3.736894229510191035e-05 -7.406702876385117180e-05 -4.598316345632641266e-05 1.711326300933459568e-03 2.356763924651692887e-03 -1.078843947852512310e-03 -4.462472084072389338e-04 5.919839113784558928e-07 -4.066726649717750164e-07 -1.747425383523416444e-06 1.071269395069146329e-06 2.076380782252443022e-06 1.052071872252146722e-05 4.876187047034368188e-04 -2.082205622612806747e-04
1.283227930700265565e-04 9.660321559930828679e-06 -9.570470094595239101e-07 2.726195216857754747e-07 -3.970622032888665491e-06 7.130550036905326165e-05 -1.554973862512404903e-05 7.191125613963972953e-07 3.931343495389278101e-07 -3.498321879772654761e-07 5.932005519110291236e-07 2.916021004172990714e-08 2.432353452476617413e-07 -5.362986420452582428e-07 -7.720007793765855522e-08 -7.320957562741540799e-07 3.477575483981962214e-08 1.242030743006550239e-08 -1.121449316651549317e-05 2.233902842330771711e-06 1.090150143638908130e-04 2.807801531569981027e-05 2.449522054660029511e-05 -3.292731933651091384e-05 1.149483724559279002e-04 -1.191427819062651161e-05 -1.688277280129728405e-03 -5.210966697572871030e-03 -1.021920042932900931e-02 5.394776940146961582e-03 -4.290357364902919716e-07 4.892633268963553281e-07 2.553056550756562944e-06 -5.127499005713390762e-06 -8.989563977620160636e-06 -1.219022866253520431e-05 4.734811698926788391e-05 6.527303427568065188e-05
-3.066661259603216351e-04 -1.109327254114185029e-04 -2.789880725195202751e-05 -2.251833040518621522e-06 -4.143576302062626808e-05 -1.554973862512404903e-05 1.984186824436910430e-03 1.049546841552960525e-06 3.821061487882255422e-07 -5.300152144913561170e-06 2.878895619302298827e-06 5.607172379806177097e-07 -1.299865578254056421e-06 -1.461089931989912295e-07 3.398503925695936135e-07 -2.839555901503251395e-06 -8.418809133597356556e-08 -1.845128758276772939e-07 -5.530884913938780359e-03 -6.468281773785301933e-05 5.607081114809370432e-04 -4.572916812013608050e-04 2.805328720863891636e-04 7.077871974094118203e-04 9.256375601400949936e-04 1.287729096500070694e-05 2.350044048527695018e-04 -5.253914704842276712e-03 2.137173128947340503e-02 -1.076844520528124315e-02 -7.224515049124340932e-06 4.039422560954090624e-06 6.069040705724183945e-06 8.160533718038229738e-06 -4.614427257616399756e-06 -1.566705077689917050e-04 -5.666381942176492922e-03 -3.501089849262038929e-03
3.068892119821362618e-06 3.674108050524712965e-07 3.039718715275917814e-07 1.815493727129710834e-08 3.570018041631766223e-07 7.191125613963972953e-07 1.049546841552960525e-06 2.385297138013448606e-05 8.372845980643792094e-07 2.926575742260984474e-08 -9.538675273719084900e-09 -5.514783420823200416e-08 4.052709516257470033e-07 1.567473055725289601e-07 1.674039307875233163e-07 -6.049211384976846291e-08 -1.816298024090932121e-08 -4.897814934577985094e-09 -9.483328932543022040e-04 1.422055651990922993e-05 -5.086448404260992146e-05 1.047989228162624195e-04 -4.769928150167039495e-05 3.240605342444366916e-05 1.312730052182854950e-04 1.214381270121055027e-04 3.482089334865789889e-03 -6.609432479841742016e-04 -5.384630807912339084e-03 1.528204784701339951e-03 -1.367582739878556553e-06 -5.427956338827138438e-07 4.049956756062560604e-06 6.136411133722484497e-08 -1.400954933444021985e-06 2.039266820291472620e-05 2.304442451638670497e-04 -9.753898364860324674e-04
-2.619054924590418292e-07 -9.211825960755582384e-07 -6.017069046027486173e-08 -3.769829403352028885e-09 -5.609653426522436563e-08 3.931343495389278101e-07 3.821061487882255422e-07 8.372845980643792094e-07 2.422404361718760065e-05 -5.601396320862722514e-08 3.974763716758571319e-08 2.127306905031700107e-07 -4.676270143338310703e-07 1.243449337145004958e-07 2.265405976170940390e-08 3.261703805509133958e-08 -2.597379981746821213e-08 1.327485796127109682e-08 1.259032009398561996e-03 -1.452844974339511527e-06 1.253674002359949616e-04 -9.697245977243017635e-05 2.821089869804868037e-05 6.578885951401687278e-05 -7.402733656307377143e-05 -2.194225269298014558e-04 3.912203883923133854e-03 1.077626656369418817e-03 2.167020271662839926e-04 -3.455215020037656626e-03 -1.803258019696049830e-07 -1.108203483557869735e-06 -2.860523930802026020e-06 -9.151262750390327108e-07 -1.015290448884175254e-06 4.665196830138331036e-06 1.743776091563893941e-04 -2.649296601471815590e-04
-5.731124443186039677e-06 -1.155483441573313571e-06 -4.483004385405079875e-07 -1.492753843006563447e-08 -9.879544763859049680e-07 -3.498321879772654761e-07 -5.300152144913561170e-06 2.926575742260984474e-08 -5.601396320862722514e-08 2.462190318225011655e-05 3.697564300244394057e-07 1.550554241714443759e-07 -5.770379802333582408e-09 -3.549067081914021979e-07 2.251224789451346978e-07 9.133485847560315470e-08 4.276232832303218882e-09 8.870301499930797582e-09 4.113106917349625678e-04 -9.870688278754350854e-06 7.178818680920097276e-05 -5.691207381044019519e-05 3.193749063442113473e-05 -5.846966972192427898e-05 -1.189287557192825326e-04 -1.519470712059018931e-04 1.755898528167114088e-03 -4.624886174130410539e-03 -4.118586376433527180e-03 -4.537278022691226993e-03 1.231938879401105374e-07 -1.333820497940722009e-07 -1.514706362709014726e-06 -1.244102790642403167e-06 -1.340358664023004241e-06 -1.775205581164098260e-05 -1.638133262784962035e-04 1.079470559670464965e-04
-2.212082283211336165e-06 -1.303347308362812120e-06 -1.798861074692466091e-07 -3.183713202221249757e-09 -5.198166119331075820e-07 5.932005519110291236e-07 2.878895619302298827e-06 -9.538675273719084900e-09 3.974763716758571319e-08 3.697564300244394057e-07 2.492975041979773095e-05 8.316074703699537637e-08 -8.770987659099590373e-09 2.371692407910044125e-07 -4.784622139019572022e-07 -1.439526182642404307e-08 -8.332769571361829535e-09 -5.781691496963509493e-09 4.622292377058599688e-04 -2.295862249740202688e-05 -3.264099111806763461e-05 5.116135443646558412e-07 2.591442892921737642e-05 4.096206565737380135e-06 -2.694027726036411861e-05 -2.116758013578465985e-04 -1.964609140507610728e-03 -2.131765718631239460e-03 3.211446223826723827e-03 3.832515863772617765e-04 1.603094166895387691e-06 1.139579681341811198e-06 3.408365953000397262e-07 -2.572562004317561512e-06 5.343899973261966534e-06 1.243130402148998650e-05 -8.648042271087624290e-05 -1.976607925880007391e-04
1.393331671015342807e-07 1.729195150203254855e-07 2.231317413745959891e-08 1.670262529072056050e-09 2.084728675181079026e-08 2.916021004172990714e-08 5.607172379806177097e-07 -5.514783420823200416e-08 2.127306905031700107e-07 1.550554241714443759e-07 8.316074703699537637e-08 2.469792692645536824e-05 1.102820490229941389e-07 1.033350459201142051e-07 2.112326943633542526e-09 -4.128802028295438545e-08 2.606790404000113067e-09 2.137080631370546893e-08 -6.498568841898739936e-05 -6.308316777691767148e-06 -5.500814006760259618e-06 3.740907234601448098e-05 -8.100308107076592838e-05 -7.786275444815115649e-07 -1.362158437855827182e-05 -1.537036010253427915e-04 1.840975776472717190e-03 5.948618500039192425e-05 1.359766867775012104e-03 1.956968548600463570e-03 -4.948838605226619130e-07 3.337683467771365155e-07 5.707895115526377170e-07 -1.706217280721475104e-07 3.276058503672211902e-06 -2.012884532134093400e-06 6.042582928073325394e-05 -1.072082803558220071e-04
3.611016077264174973e-07 1.049644423064303166e-07 5.843111038663004586e-09 -1.505269464959861794e-09 8.562902061891885670e-09 2.432353452476617413e-07 -1.299865578254056421e-06 4.052709516257470033e-07 -4.676270143338310703e-07 -5.770379802333582408e-09 -8.770987659099590373e-09 1.102820490229941389e-07 2.466731929640771320e-05 2.298062498646132847e-08 -2.968613905212832257e-07 -5.332854827425900678e-08 -4.054618822842221041e-09 -1.110196483938822595e-08 -5.414736107941879031e-04 -4.156761349869746172e-06 -1.154113912103127273e-05 6.562444747265670038e-05 2.180120444247363496e-05 1.392272104890853159e-05 -2.093394507470929124e-05 -5.935238073823421784e-05 -7.526741799702027459e-04 -5.862163159067622017e-04 -4.535149944637774724e-03 -1.269012512996009522e-03 7.595513542337971177e-08 -1.685756720301275209e-07 2.465488863388209905e-06 -1.756213351098454935e-06 -2.222504541367904272e-06 1.058939416687709246e-05 5.341072881208210797e-05 -1.361463295592128125e-04
-6.220407496063777202e-06 -1.510834641422070360e-06 -3.831381195980442054e-07 -9.516937570624215873e-09 -8.671829607159254331e-07 -5.362986420452582428e-07 -1.461089931989912295e-07 1.567473055725289601e-07 1.243449337145004958e-07 -3.549067081914021979e-07 2.371692407910044125e-07 1.033350459201142051e-07 2.298062498646132847e-08 2.463438360587141788e-05 2.411291774956450563e-07 -5.170655956121823218e-08 -1.252419214288597481e-08 -8.162334725148406268e-09 5.488254046684178794e-04 4.925196445447774226e-06 -7.557404292463081464e-05 1.393859046904199442e-04 4.941514335718577572e-05 7.181992857928130934e-05 3.771789804898903873e-06 -7.899025110942208873e-05 2.622581436079684646e-03 1.073431794787350424e-03 4.883652219465301446e-03 1.293671687622425506e-03 -9.244715982458913275e-07 -8.029009429787755538e-08 -3.395407753000999489e-07 -1.276773994370523657e-06 8.491479486306015747e-08 -8.128352738214170847e-06 -1.025431932313647712e-04 1.821579896955803220e-05
-3.115542112497842711e-06 -1.352723834884941738e-06 -3.175112773387362204e-07 -2.433721022762313306e-08 -4.470658496807397028e-07 -7.720007793765855522e-08 3.398503925695936135e-07 1.674039307875233163e-07 2.265405976170940390e-08 2.251224789451346978e-07 -4.784622139019572022e-07 2.112326943633542526e-09 -2.968613905212832257e-07 2.411291774956450563e-07 2.460749792137841436e-05 -1.248608971384041636e-08 1.668074416729113797e-08 -1.200701971685170815e-08 3.972910126838652715e-04 -1.022873186544414244e-06 -3.410734252046162325e-05 2.902598376663513091e-05 3.449702245684446765e-05 -7.094216252440501883e-06 -1.161926011348988184e-04 -2.052272526231506617e-04 3.148345101444699739e-03 4.617697343219348050e-04 -1.341273649475294323e-03 8.390993260753928668e-04 -8.987839649575019635e-07 -1.114589009083631754e-07 -2.545321772893264641e-06 -2.124331231779278394e-06 -3.427197630377241015e-06 8.159803075586170127e-06 1.535518390840567672e-05 2.319738699357222099e-04
8.567135569430516629e-06 -1.590672485110392219e-06 -2.519227017810294394e-07 -1.762530399564516700e-08 -2.528314047668968863e-07 -7.320957562741540799e-07 -2.839555901503251395e-06 -6.049211384976846291e-08 3.261703805509133958e-08 9.133485847560315470e-08 -1.439526182642404307e-08 -4.128802028295438545e-08 -5.332854827425900678e-08 -5.170655956121823218e-08 -1.248608971384041636e-08 6.190180229599387410e-06 -2.102448422696440617e-08 -1.782360163787510227e-09 2.159725557161488096e-04 4.038190563751555719e-06 -5.132353797345974193e-06 1.682559457787970388e-06 1.314753845716348325e-05 -1.696026689550268095e-05 6.339335367458185711e-05 7.822577790861630570e-04 2.771328922501477537e-03 1.553511365257382974e-03 -9.735341451684023303e-05 -8.609066588635657432e-04 -5.160619216272177962e-07 -6.914469812122923918e-08 -8.748799407249322517e-07 3.612365086272269538e-07 -7.408192193741096885e-07 -1.194742090422757718e-06 1.679337040308543461e-05 9.376250100652668527e-05
5.546468878734203435e-07 3.082090992960815767e-07 2.221326153997164105e-08 9.819357671895362422e-09 7.286508998108472020e-09 3.477575483981962214e-08 -8.418809133597356556e-08 -1.816298024090932121e-08 -2.597379981746821213e-08 4.276232832303218882e-09 -8.332769571361829535e-09 2.606790404000113067e-09 -4.054618822842221041e-09 -1.252419214288597481e-08 1.668074416729113797e-08 -2.102448422696440617e-08 4.354961319171951706e-07 4.578317249033832280e-10 -1.102485210939180212e-04 1.878341541139998560e-06 3.636720706109603131e-05 -3.235340181328147987e-05 9.521362653852922663e-05 -1.077793679421515995e-04 -3.365389744686354590e-05 8.328052704507736938e-05 3.739002470497493347e-03 -3.900637619830551669e-03 -4.685870093476394342e-04 -1.905157962443005163e-04 8.751683904310686034e-09 -8.554273248834994476e-08 -1.094011186426685066e-07 -2.712140304548274292e-07 -4.130127125860129763e-07 -9.122556792918040017e-07 -1.676550751055272644e-08 -3.683670218416941963e-06
-2.103276271602630269e-08 -4.058927832777086330e-08 -9.784322408215844378e-09 -1.973922644217419972e-09 1.796850170248360965e-09 1.242030743006550239e-08 -1.845128758276772939e-07 -4.897814934577985094e-09 1.327485796127109682e-08 8.870301499930797582e-09 -5.781691496963509493e-09 2.137080631370546893e-08 -1.110196483938822595e-08 -8.162334725148406268e-09 -1.200701971685170815e-08 -1.782360163787510227e-09 4.578317249033832280e-10 4.173782812626530656e-07 5.344995711691135449e-04 -3.304827403606047610e-07 -5.328589295642045814e-06 -9.648024808958097167e-07 -3.817594694366738275e-06 -2.307742946403961706e-05 2.603873182555081550e-04 5.231016636714331224e-04 -3.970213488107879308e-05 -1.165924365983701501e-03 1.369275296349596214e-03 1.547441094081536330e-04 -2.164772421427482833e-07 1.764100316146618818e-08 -4.932285108855319165e-08 3.900067660322589365e-07 -1.672332398572255522e-07 4.226095250534749051e-07 1.561147827361975856e-06 9.926814161343075867e-06
-5.487735169930045391e-03 -4.089731769394573321e-03 -6.100141516953936369e-04 -1.723426708853451051e-04 -1.333133478702249861e-07 -1.121449316651549317e-05 -5.530884913938780359e-03 -9.483328932543022040e-04 1.259032009398561996e-03 4.113106917349625678e-04 4.622292377058599688e-04 -6.498568841898739936e-05 -5.414736107941879031e-04 5.488254046684178794e-04 3.972910126838652715e-04 2.159725557161488096e-04 -1.102485210939180212e-04 5.344995711691135449e-04 4.607471744383113901e+02 -1.617661369150972250e-01 -5.328033593692713676e-01 2.886871574103858640e-01 1.005972367366420456e-01 2.277261437224443671e-02 -2.010045037635337195e+01 -6.312324123226731132e+01 6.678530020179103133e+01 -1.775733281882223764e+02 7.701242038640831424e+02 -6.229924583004553824e+02 4.472625740473417538e-04 -3.481054904378764938e-03 -7.269234862650026351e-03 -8.231437885279239974e-03 2.011920360401768526e-02 3.804758353092657641e-02 3.213047834937850927e-02 1.087300275329205427e-03
-9.032563747340258665e-06 -3.383633380160324674e-05 -7.985635285307279228e-06 -1.705415417867088284e-06 -5.473457151629239898e-07 2.233902842330771711e-06 -6.468281773785301933e-05 1.422055651990922993e-05 -1.452844974339511527e-06 -9.870688278754350854e-06 -2.295862249740202688e-05 -6.308316777691767148e-06 -4.156761349869746172e-06 4.925196445447774226e-06 -1.022873186544414244e-06 4.038190563751555719e-06 1.878341541139998560e-06 -3.304827403606047610e-07 -1.617661369150972250e-01 8.293826808570368969e-02 8.735350821876958216e-04 5.811749651655772481e-03 -3.075307446485155919e-03 3.295202284954240439e-03 1.737978937393989606e-02 7.465400998564472070e-03 -7.923870653765119343e-02 -6.677325993073338073e-02 5.286846836670953120e-01 -3.809093511073575189e-01 2.806620835821757983e-05 8.802294104986419193e-06 1.463714682815983245e-04 -2.464732648225213167e-05 -1.219344896158379736e-04 -4.397112068111390338e-04 -5.569234098286464634e-04 -3.704332222288324750e-03
-8.135241112791224581e-04 -8.292638236402136544e-04 -3.962050572263717182e-05 -1.146963238463003327e-05 -2.157701392979305944e-05 1.090150143638908130e-04 5.607081114809370432e-04 -5.086448404260992146e-05 1.253674002359949616e-04 7.178818680920097276e-05 -3.264099111806763461e-05 -5.500814006760259618e-06 -1.154113912103127273e-05 -7.557404292463081464e-05 -3.410734252046162325e-05 -5.132353797345974193e-06 3.636720706109603131e-05 -5.328589295642045814e-06 -5.328033593692713676e-01 8.735350821876958216e-04 4.617350095371281604e+00 -3.611524010061779588e+00 -9.709298730640095187e-02 2.488169513540748959e-02 3.725742113882409279e-01 2.851008166689519285e-01 -4.561457194519400460e+00 -1.866788238730938687e+00 1.051677252859832556e+01 -2.717671246879798552e+00 1.099562295439050449e-04 8.245463882094088224e-05 2.053198836226725942e-04 1.053397136686396357e-04 -3.758467763910461725e-04 9.017798572432523087e-04 -1.438329605502854103e-02 -3.472238076027541614e-02
8.361887962021792445e-04 6.905423891785453369e-04 1.148848353411078833e-04 1.928072536485537114e-05 3.058071603939292119e-05 2.807801531569981027e-05 -4.572916812013608050e-04 1.047989228162624195e-04 -9.697245977243017635e-05 -5.691207381044019519e-05 5.116135443646558412e-07 3.740907234601448098e-05 6.562444747265670038e-05 1.393859046904199442e-04 2.902598376663513091e-05 1.682559457787970388e-06 -3.235340181328147987e-05 -9.648024808958097167e-07 2.886871574103858640e-01 5.811749651655772481e-03 -3.611524010061779588e+00 7.288847904846518233e+00 9.482403782913802204e-02 -5.259319662374525167e-03 -3.277097876088920780e-01 -2.780098416260555760e-01 3.789473845205903579e+00 1.324207943606818372e+00 -8.974903686522720747e+00 1.479428224164284211e+00 -8.834692267559807264e-05 2.898934461056258531e-04 -1.793751001829340611e-03 -2.372086891057591186e-04 1.325907726802144811e-03 1.475838868563219761e-03 1.192778544780615305e-02 5.645349875632610370e-02
7.903485168915272635e-04 1.675999115389344195e-03 2.319351954650803545e-04 3.509022028753556571e-05 1.211659630928896552e-05 2.449522054660028495e-05 2.805328720863886215e-04 -4.769928150167042206e-05 2.821089869804867020e-05 3.193749063442118894e-05 2.591442892921745435e-05 -8.100308107076594193e-05 2.180120444247361802e-05 4.941514335718574861e-05 3.449702245684450153e-05 1.314753845716350189e-05 9.521362653852925373e-05 -3.817594694366737428e-06 1.005972367366420872e-01 -3.075307446485156786e-03 -9.709298730640095187e-02 9.482403782913802204e-02 3.501158400168342677e+00 4.172013541007753568e-01 1.255748696180135071e-01 2.763350485878717996e-02 -8.762710487363937872e+00 8.603545203370618566e+00 1.295879423140213982e+00 -1.923952475460030564e+00 -2.362017153689619409e-04 2.982248957740994645e-04 -7.417728081446159230e-04 -3.011201680913794558e-04 -4.121291480116422872e-04 -1.103569675050231416e-02 -8.552640958730845389e-04 2.882206241169471897e-02
-4.224884615451565835e-04 3.122864850135253253e-04 4.674148701806817913e-05 5.724205161388191553e-06 -3.736894229510191035e-05 -3.292731933651091384e-05 7.077871974094118203e-04 3.240605342444366916e-05 6.578885951401687278e-05 -5.846966972192427898e-05 4.096206565737380135e-06 -7.786275444815115649e-07 1.392272104890853159e-05 7.181992857928130934e-05 -7.094216252440501883e-06 -1.696026689550268095e-05 -1.077793679421515995e-04 -2.307742946403961706e-05 2.277261437224443671e-02 3.295202284954240439e-03 2.488169513540748959e-02 -5.259319662374525167e-03 4.172013541007753568e-01 3.394068334571977541e+00 2.587266266045434637e+00 2.463148816051708323e+00 7.693491663234063971e+00 -1.254472904196418526e+01 4.203875111619882254e+00 -6.410794508418289350e-01 1.911862493296739136e-04 -3.047691331048407704e-04 6.836182060034013894e-04 7.906042063147113901e-04 3.247739223472628995e-04 1.461080031044068592e-03 -6.438104764862545744e-03 2.440481961659373908e-02
-4.157300947616887903e-04 -2.826146216472078736e-04 -2.466249642954664229e-05 2.962295823975722860e-06 -7.406702876385117180e-05 1.149483724559279002e-04 9.256375601400949936e-04 1.312730052182854950e-04 -7.402733656307377143e-05 -1.189287557192825326e-04 -2.694027726036411861e-05 -1.362158437855827182e-05 -2.093394507470929124e-05 3.771789804898903873e-06 -1.161926011348988184e-04 6.339335367458185711e-05 -3.365389744686354590e-05 2.603873182555081550e-04 -2.010045037635337195e+01 1.737978937393989606e-02 3.725742113882409279e-01 -3.277097876088920780e-01 1.255748696180135071e-01 2.587266266045434637e+00 1.907472489629665446e+01 3.281411378831315773e+01 5.697733038633013614e+00 4.529561322703032289e+01 -5.775744109749995658e+01 6.357905264519517763e-01 1.567091223881094669e-05 7.183793603403191078e-04 -2.089801392197276463e-03 8.802557615583453919e-04 -1.326413929721847334e-04 -1.557773744330439962e-02 -1.137530794351713885e-02 8.455149310362429504e-02
6.791289437993416108e-04 -1.460945537800368860e-03 -1.662020232282230073e-04 2.664150702899739939e-06 -4.598316345632628391e-05 -1.191427819062634390e-05 1.287729096499885871e-05 1.214381270121051232e-04 -2.194225269298016726e-04 -1.519470712059015679e-04 -2.116758013578462461e-04 -1.537036010253426017e-04 -5.935238073823412974e-05 -7.899025110942230557e-05 -2.052272526231507430e-04 7.822577790861628402e-04 8.328052704507732872e-05 5.231016636714331224e-04 -6.312324123226731132e+01 7.465400998564481611e-03 2.851008166689519285e-01 -2.780098416260555760e-01 2.763350485878717996e-02 2.463148816051708323e+00 3.281411378831315773e+01 8.704477546276842759e+01 -3.735729710636423118e+00 6.984452522997260360e+01 -5.026365987387674750e+01 -3.097854503745030286e+01 -3.088726929313064299e-04 1.041905600019777658e-03 -3.183065321378626949e-03 -3.547374530999524572e-04 -2.186481305654497257e-04 -2.909446912208782376e-02 -1.390326035757033507e-03 1.761573683756256226e-01
-4.345863576893958802e-02 -4.027557628044964311e-02 3.043036736127042834e-03 1.131298850824522045e-05 1.711326300933459568e-03 -1.688277280129728405e-03 2.350044048527695018e-04 3.482089334865789889e-03 3.912203883923133854e-03 1.755898528167114088e-03 -1.964609140507610728e-03 1.840975776472717190e-03 -7.526741799702027459e-04 2.622581436079684646e-03 3.148345101444699739e-03 2.771328922501477537e-03 3.739002470497493347e-03 -3.970213488107879308e-05 6.678530020179103133e+01 -7.923870653765119343e-02 -4.561457194519400460e+00 3.789473845205903579e+00 -8.762710487363937872e+00 7.693491663234063971e+00 5.697733038633013614e+00 -3.735729710636423118e+00 1.254399949746802304e+04 6.959739120727905402e+02 2.202255144520605157e+01 -5.216995986741128633e+00 -1.738379860907706548e-02 -9.062773948218787873e-03 -4.419145713631995875e-02 1.554909310658126112e-02 1.359354214853428777e-01 4.470680960067596743e-01 -2.561464647117122143e-02 6.587418504489752635e-01
-1.424226888492640883e-02 -6.344628183029801111e-03 9.277592883482603135e-04 -1.040962162819794823e-04 2.356763924651692887e-03 -5.210966697572871030e-03 -5.253914704842276712e-03 -6.609432479841742016e-04 1.077626656369418817e-03 -4.624886174130410539e-03 -2.131765718631239460e-03 5.948618500039192425e-05 -5.862163159067622017e-04 1.073431794787350424e-03 4.617697343219348050e-04 1.553511365257382974e-03 -3.900637619830551669e-03 -1.165924365983701501e-03 -1.775733281882223764e+02 -6.677325993073338073e-02 -1.866788238730938687e+00 1.324207943606818372e+00 8.603545203370618566e+00 -1.254472904196418526e+01 4.529561322703032289e+01 6.984452522997260360e+01 6.959739120727905402e+02 1.266430626746664348e+04 1.308073915082423810e+03 -4.525480498422388109e+02 -6.529576252705743093e-03 2.848988379771240018e-02 7.939831766229490939e-03 3.694258747294799135e-03 -6.764359494725417921e-02 -3.179988050828557733e-01 1.548808631878285380e-01 9.775108151844696946e-01
-1.700103635876118457e-02 6.312044830312768355e-03 2.371389174981073256e-03 9.539302108868013717e-04 -1.078843947852514912e-03 -1.021920042932900757e-02 2.137173128947345707e-02 -5.384630807912338217e-03 2.167020271662798727e-04 -4.118586376433528914e-03 3.211446223826720792e-03 1.359766867775010803e-03 -4.535149944637775592e-03 4.883652219465298844e-03 -1.341273649475293456e-03 -9.735341451684084290e-05 -4.685870093476398137e-04 1.369275296349596214e-03 7.701242038640831424e+02 5.286846836670954231e-01 1.051677252859832556e+01 -8.974903686522720747e+00 1.295879423140213982e+00 4.203875111619882254e+00 -5.775744109749995658e+01 -5.026365987387674750e+01 2.202255144520605157e+01 1.308073915082423810e+03 1.177904742165544121e+04 1.001799848666262506e+03 1.500446393903006118e-02 -4.238822611649913606e-03 -2.743846103859024291e-02 2.787919192946327826e-02 7.415217038186401599e-02 -1.953269984853817920e-01 -4.460043531488712132e-01 1.051817554901697704e+00
9.105072624292075145e-03 6.922581527610274614e-03 -1.537453185528668640e-03 -4.170411554163016752e-04 -4.462472084072389338e-04 5.394776940146961582e-03 -1.076844520528124315e-02 1.528204784701339951e-03 -3.455215020037656626e-03 -4.537278022691226993e-03 3.832515863772617765e-04 1.956968548600463570e-03 -1.269012512996009522e-03 1.293671687622425506e-03 8.390993260753928668e-04 -8.609066588635657432e-04 -1.905157962443005163e-04 1.547441094081536330e-04 -6.229924583004553824e+02 -3.809093511073575189e-01 -2.717671246879798552e+00 1.479428224164284211e+00 -1.923952475460030564e+00 -6.410794508418289350e-01 6.357905264519517763e-01 -3.097854503745030286e+01 -5.216995986741128633e+00 -4.525480498422388109e+02 1.001799848666262506e+03 1.310488229319618767e+04 7.480407464132433557e-03 -7.465040256673504543e-04 4.622887448484670064e-02 -2.966168384552408596e-02 4.516175610483745551e-02 1.332797040731574234e-01 4.317657329788571197e-01 -1.395460933815779514e+00
4.434960372739613634e-07 -1.048724486182592038e-06 -4.832995403730043178e-07 -6.076829844697000956e-08 5.919839113784558928e-07 -4.290357364902919716e-07 -7.224515049124340932e-06 -1.367582739878556553e-06 -1.803258019696049830e-07 1.231938879401105374e-07 1.603094166895387691e-06 -4.948838605226619130e-07 7.595513542337971177e-08 -9.244715982458913275e-07 -8.987839649575019635e-07 -5.160619216272177962e-07 8.751683904310686034e-09 -2.164772421427482833e-07 4.472625740473417538e-04 2.806620835821757983e-05 1.099562295439050449e-04 -8.834692267559807264e-05 -2.362017153689619409e-04 1.911862493296739136e-04 1.567091223881094669e-05 -3.088726929313064299e-04 -1.738379860907706548e-02 -6.529576252705743093e-03 1.500446393903006118e-02 7.480407464132433557e-03 1.499653979550151593e-03 2.680756694870534119e-04 -1.832001030259235071e-05 -3.981117384543224683e-04 -1.914876372909487572e-05 8.730421768838515675e-05 8.650879669931827180e-05 -2.269310496108238172e-04
-3.882937369430997520e-06 -3.938667493973880163e-06 -1.139863565834276795e-06 -1.989279185084897203e-07 -4.066726649717753340e-07 4.892633268963552223e-07 4.039422560954092318e-06 -5.427956338827138438e-07 -1.108203483557869523e-06 -1.333820497940722274e-07 1.139579681341810986e-06 3.337683467771361979e-07 -1.685756720301273356e-07 -8.029009429787722451e-08 -1.114589009083637180e-07 -6.914469812122914653e-08 -8.554273248834990506e-08 1.764100316146624112e-08 -3.481054904378766673e-03 8.802294104986409029e-06 8.245463882094088224e-05 2.898934461056258531e-04 2.982248957740994645e-04 -3.047691331048407704e-04 7.183793603403191078e-04 1.041905600019777658e-03 -9.062773948218787873e-03 2.848988379771240018e-02 -4.238822611649913606e-03 -7.465040256673504543e-04 2.680756694870534119e-04 9.037996545625289055e-04 -1.721952813356344836e-05 7.147653042205202130e-04 -1.397826099348136789e-05 7.159349917209401710e-05 -1.075483586019929431e-04 -6.431387861797440483e-04
-1.021116063209311950e-05 -4.580969584661739035e-06 -1.699362385855299367e-06 -3.995227879083718358e-08 -1.747425383523416444e-06 2.553056550756562944e-06 6.069040705724183945e-06 4.049956756062560604e-06 -2.860523930802026020e-06 -1.514706362709014726e-06 3.408365953000397262e-07 5.707895115526377170e-07 2.465488863388209905e-06 -3.395407753000999489e-07 -2.545321772893264641e-06 -8.748799407249322517e-07 -1.094011186426685066e-07 -4.932285108855319165e-08 -7.269234862650026351e-03 1.463714682815983245e-04 2.053198836226725942e-04 -1.793751001829340611e-03 -7.417728081446159230e-04 6.836182060034013894e-04 -2.089801392197276463e-03 -3.183065321378626949e-03 -4.419145713631995875e-02 7.939831766229490939e-03 -2.743846103859024291e-02 4.622887448484670064e-02 -1.832001030259235071e-05 -1.721952813356344836e-05 8.158136334029054276e-03 -4.806329309812504027e-06 -5.322519183370817908e-05 7.378867706697924301e-05 5.170474376579704367e-05 1.304940296126110488e-03
-1.493973230129288160e-05 -1.312277461326047288e-05 -8.217550134006754721e-07 -4.031110598406091995e-07 1.071269395069146329e-06 -5.127499005713390762e-06 8.160533718038229738e-06 6.136411133722484497e-08 -9.151262750390327108e-07 -1.244102790642403167e-06 -2.572562004317561512e-06 -1.706217280721475104e-07 -1.756213351098454935e-06 -1.276773994370523657e-06 -2.124331231779278394e-06 3.612365086272269538e-07 -2.712140304548274292e-07 3.900067660322589365e-07 -8.231437885279239974e-03 -2.464732648225213167e-05 1.053397136686396357e-04 -2.372086891057591186e-04 -3.011201680913794558e-04 7.906042063147113901e-04 8.802557615583453919e-04 -3.547374530999524572e-04 1.554909310658126112e-02 3.694258747294799135e-03 2.787919192946327826e-02 -2.966168384552408596e-02 -3.981117384543224683e-04 7.147653042205202130e-04 -4.806329309812504027e-06 3.261615896210874437e-03 1.055750464879434502e-05 8.594416575937335217e-05 -4.053622516058746027e-05 -9.591650378773615079e-04
-1.010049916320082615e-05 -3.208065290465910810e-06 1.277845577267435109e-06 -2.101233240342947418e-08 2.076380782252443022e-06 -8.989563977620160636e-06 -4.614427257616376039e-06 -1.400954933444021562e-06 -1.015290448884176101e-06 -1.340358664023002758e-06 5.343899973261963146e-06 3.276058503672209361e-06 -2.222504541367905966e-06 8.491479486305933690e-08 -3.427197630377241015e-06 -7.408192193741111708e-07 -4.130127125860129763e-07 -1.672332398572256846e-07 2.011920360401769220e-02 -1.219344896158377432e-04 -3.758467763910461725e-04 1.325907726802144811e-03 -4.121291480116422872e-04 3.247739223472628995e-04 -1.326413929721847334e-04 -2.186481305654497257e-04 1.359354214853428777e-01 -6.764359494725417921e-02 7.415217038186401599e-02 4.516175610483745551e-02 -1.914876372909487572e-05 -1.397826099348136789e-05 -5.322519183370817908e-05 1.055750464879434502e-05 8.231931343081750133e-03 -7.860476584082156748e-05 7.543162724248773541e-04 1.274624674767766970e-04
1.768803353666472476e-05 -2.172085585249956330e-05 2.275615477808559436e-06 -6.972271973555405446e-07 1.052071872252146722e-05 -1.219022866253520431e-05 -1.566705077689917050e-04 2.039266820291472620e-05 4.665196830138331036e-06 -1.775205581164098260e-05 1.243130402148998650e-05 -2.012884532134093400e-06 1.058939416687709246e-05 -8.128352738214170847e-06 8.159803075586170127e-06 -1.194742090422757718e-06 -9.122556792918040017e-07 4.226095250534749051e-07 3.804758353092657641e-02 -4.397112068111390338e-04 9.017798572432523087e-04 1.475838868563219761e-03 -1.103569675050231416e-02 1.461080031044068592e-03 -1.557773744330439962e-02 -2.909446912208782376e-02 4.470680960067596743e-01 -3.179988050828557733e-01 -1.953269984853817920e-01 1.332797040731574234e-01 8.730421768838515675e-05 7.159349917209401710e-05 7.378867706697924301e-05 8.594416575937335217e-05 -7.860476584082156748e-05 2.920779092376200037e-01 1.247137577880703951e-03 1.901166407173535047e-03
3.015320951329831470e-03 9.231136453459562897e-04 2.369867533843709312e-04 9.133780655177786638e-06 4.876187047034368188e-04 4.734811698926788391e-05 -5.666381942176492922e-03 2.304442451638670497e-04 1.743776091563893941e-04 -1.638133262784962035e-04 -8.648042271087624290e-05 6.042582928073325394e-05 5.341072881208210797e-05 -1.025431932313647712e-04 1.535518390840567672e-05 1.679337040308543461e-05 -1.676550751055272644e-08 1.561147827361975856e-06 3.213047834937850927e-02 -5.569234098286464634e-04 -1.438329605502854103e-02 1.192778544780615305e-02 -8.552640958730845389e-04 -6.438104764862545744e-03 -1.137530794351713885e-02 -1.390326035757033507e-03 -2.561464647117122143e-02 1.548808631878285380e-01 -4.460043531488712132e-01 4.317657329788571197e-01 8.650879669931827180e-05 -1.075483586019929431e-04 5.170474376579704367e-05 -4.053622516058746027e-05 7.543162724248773541e-04 1.247137577880703951e-03 3.221545646335797208e-01 7.776726045509223528e-01
-5.880700373421877313e-05 6.902271494961303901e-04 -1.346212122083437461e-05 2.266847385975203231e-05 -2.082205622612806747e-04 6.527303427568118043e-05 -3.501089849262037628e-03 -9.753898364860325758e-04 -2.649296601471815048e-04 1.079470559670464558e-04 -1.976607925880005765e-04 -1.072082803558220885e-04 -1.361463295592127041e-04 1.821579896955807286e-05 2.319738699357221285e-04 9.376250100652659041e-05 -3.683670218416951704e-06 9.926814161343091114e-06 1.087300275329474309e-03 -3.704332222288324317e-03 -3.472238076027541614e-02 5.645349875632610370e-02 2.882206241169471897e-02 2.440481961659373908e-02 8.455149310362429504e-02 1.761573683756256226e-01 6.587418504489752635e-01 9.775108151844696946e-01 1.051817554901697704e+00 -1.395460933815779514e+00 -2.269310496108238172e-04 -6.431387861797440483e-04 1.304940296126110488e-03 -9.591650378773615079e-04 1.274624674767766970e-04 1.901166407173535047e-03 7.776726045509223528e-01 6.749658754711643560e+00
