# logA ns theta_MC_100 omegabh2 omegach2 tau DES_DZ_S1 DES_DZ_S2 DES_DZ_S3 DES_DZ_S4 DES_M1 DES_M2 DES_M3 DES_M4 A_planck calib_100T calib_217T A_cib_217 xi_sz_cib A_sz ksz_norm gal545_A_100 gal545_A_143 gal545_A_143_217 gal545_A_217 ps_A_100_100 ps_A_143_143 ps_A_143_217 ps_A_217_217 galf_TE_A_100 galf_TE_A_100_143 galf_TE_A_100_217 galf_TE_A_143 galf_TE_A_143_217 galf_TE_A_217 DES_A1_1 DES_A1_2 DES_A2_1 DES_A2_2 DES_BTA_1
6.477505192245495286e-04 3.594344739706450140e-04 5.773417943239200621e-05 9.389458678007750226e-06 2.027324959285303548e-05 1.331294813934350485e-04 7.262422719205296283e-07 -2.229693675235710257e-06 -6.988952646775156995e-06 -4.104606972034829929e-06 -2.761988127084600810e-07 1.994918482425523172e-06 -4.562260140616266619e-06 -5.172998613550859629e-06 9.891321457859267356e-06 4.725330236650067490e-07 -6.980632250935050433e-08 -9.614893660801154471e-03 -4.232173162353253986e-05 -9.985683194642727520e-07 3.434647050271705184e-04 1.162862740901066377e-03 -2.835811700288899282e-04 -7.630780813828264095e-04 -3.736138723166748421e-05 -5.181415801072999233e-02 -3.738243453209959179e-03 1.248308843970790186e-02 1.777401042074345724e-02 1.128163583108996609e-06 3.988302103316883606e-06 -1.237473242392847502e-05 -1.060712453561151227e-05 -3.048404985723053672e-06 1.696736625200070085e-05 1.735478591524004625e-03 7.624903273501614301e-03 5.456199008237248675e-03 -6.885113608430117049e-03 1.277846829661845318e-03
3.594344739706450140e-04 3.299706391864687415e-04 4.772087677327981677e-05 7.903482893760274222e-06 1.652408661595099030e-05 2.298168779259217290e-05 -5.517285154203191800e-07 -1.761331538436536882e-06 -1.915402608098711152e-06 -4.964889852468050637e-07 -4.347857309875924132e-07 1.838471529759595442e-06 -8.093249077714479186e-07 -2.176676440872591250e-06 1.313177652421983837e-07 2.849473717581360053e-07 -1.140641759108735237e-07 -4.175710303822145406e-03 -5.130554256915817159e-05 -3.795548117526102716e-04 4.375432573691031158e-04 1.524136185149399438e-03 -1.954758833564738463e-04 -2.926939107097010768e-04 -4.641095619027263723e-04 -5.112734787254120256e-02 3.803629240665149479e-03 1.076957496443545735e-02 2.243904844237080975e-02 2.114242534179043646e-06 5.682483592800176778e-06 -1.750319094987722255e-05 -1.010558963991135882e-05 -1.383942334575600008e-06 4.084526279941158550e-05 8.662391852064318812e-04 4.334681439644109263e-03 3.390456999396307923e-03 -3.934066008683683065e-03 1.372215941681381073e-03
5.773417943239200621e-05 4.772087677327981677e-05 1.066869310325323246e-05 1.497649339245046636e-06 4.446058214223503959e-06 2.056829184291671488e-06 1.966604342369018819e-07 -2.491626551801499699e-07 -6.547456990863681631e-07 -2.383235224244579213e-07 8.217442152414162570e-09 2.550428467433019441e-07 -3.572354227984417420e-07 -5.107001765500438633e-07 -3.111227108543645795e-07 2.550388846413536816e-08 -9.829513223417835201e-09 -5.018480825133894013e-04 -5.559528828878370470e-06 1.054754661499604176e-04 3.472528226096424604e-05 1.961914341543587236e-04 -2.802097908054961874e-05 -7.222297597425918597e-06 -9.993054919565142640e-05 4.529195802586578543e-03 2.183744807385428095e-03 4.091324038302993939e-03 2.361152905306803090e-03 -2.204414641372580337e-07 -4.437289673321083591e-07 -9.314171009615094240e-07 -1.563914387977836816e-06 1.710366358330989882e-06 -1.206130291365611036e-06 1.890326409937639830e-04 8.604332729218284407e-04 6.379364165559337071e-04 -7.806869466587141454e-04 2.085147703142289379e-04
9.389458678007750226e-06 7.903482893760274222e-06 1.497649339245046636e-06 2.606341588167180290e-07 5.264013439010052017e-07 6.916429308029211181e-07 1.731037936886636492e-10 -4.319773173916336532e-08 -2.638302802304937228e-08 8.974860430819215501e-09 7.575536492415127154e-11 3.645748708911218050e-08 -1.794953960782662942e-09 -3.856082084705658396e-08 -7.188045999157438145e-09 1.200013450425386542e-08 -1.939663254481428504e-09 -1.792354939046863832e-04 -1.157447751953817358e-06 5.384141788673212691e-06 9.340514495063906452e-06 2.627664624689543787e-05 -4.544651968768110778e-06 -3.547682507593079873e-06 4.872724497083925911e-06 3.506325543399460028e-05 1.915937912408197650e-04 6.054346677741338041e-04 3.198687264580816862e-04 -8.464552627120855795e-08 1.922848997071738368e-09 -4.305126008046804694e-07 -2.699681023901805112e-07 1.809754770494650838e-07 4.088972072322765992e-07 1.844961163111456277e-05 9.980997403050563110e-05 7.453762051019004566e-05 -8.505791776037931250e-05 3.639225818346677967e-05
2.027324959285303548e-05 1.652408661595099030e-05 4.446058214223503959e-06 5.264013439010052017e-07 3.511376799563094979e-06 -3.045993481417273948e-06 5.033893618688629662e-07 -6.926330677880106961e-08 -1.190326985041573873e-06 -6.421556843954334552e-07 -2.974964670176953446e-08 1.283260729920857283e-07 -8.051756357831008682e-07 -7.863502645948523942e-07 -4.666207741115805309e-07 5.894751325209342607e-09 1.837121729943968040e-09 -3.599636255238922145e-04 -1.855854516090945777e-06 6.789511687180422618e-05 -2.774031479581639721e-06 7.210830148187255594e-05 -9.705399927487191877e-06 1.726462344434805999e-05 -9.691740079234861685e-05 2.457603749978983041e-03 5.436636094022733292e-04 1.227153889700921367e-03 1.394207357859946275e-03 6.528732786196010821e-07 1.548638437962092126e-07 9.598220845262568756e-07 1.243329982794640510e-06 9.141054875834995684e-07 -3.472832985429677928e-06 2.067908691434872331e-04 7.774153603704055506e-04 6.039017202001057197e-04 -8.236016383185502292e-04 4.228506467792871563e-05
1.331294813934350485e-04 2.298168779259217290e-05 2.056829184291671488e-06 6.916429308029211181e-07 -3.045993481417273948e-06 6.627436536612924727e-05 -6.636685579873369335e-07 -1.241359969691267969e-07 -5.908130744471893256e-08 -3.481692175794800071e-07 1.067336936505881722e-07 4.611542862662007565e-08 -1.263010061120130489e-07 -7.562465087573962654e-08 -1.685329083502145086e-07 -2.104531259411510748e-08 -1.088304548295396505e-08 -1.369713439493150256e-03 4.422250749515531311e-06 1.677609480934442543e-04 -8.351315031899429709e-05 1.669059941146086275e-04 1.153742719615222012e-04 -2.276481986203058303e-04 -6.111207000137409192e-04 -5.558290046278138458e-04 -1.072116357737363948e-03 -1.813226289410715475e-03 2.063624643127682471e-04 -8.163218741695223834e-07 -4.674177324677176879e-07 -1.342236806382957083e-06 -6.484831090619857927e-06 -1.536240690069579110e-06 1.589633639528755980e-05 1.113611485104858167e-04 5.436851467967116370e-04 1.236214146572840961e-04 -1.391980943063026669e-04 5.751384237295765269e-05
7.262422719205296283e-07 -5.517285154203191800e-07 1.966604342369018819e-07 1.731037936886636492e-10 5.033893618688629662e-07 -6.636685579873369335e-07 2.413278762087738466e-05 9.201247183673991363e-07 -1.809212438839791254e-08 -2.761434987955233581e-07 -5.847591388928032590e-08 9.565098783875813003e-08 -1.496259455484555588e-07 -4.148216682339136479e-08 5.699110959487974451e-08 2.402875754983818786e-08 -1.459019287304967535e-08 1.159759382760160461e-04 -6.083405517328731436e-06 9.386032764808033789e-05 -2.896477909113759767e-05 7.521112402131292232e-05 6.755779936835005410e-05 3.163721961498128035e-06 1.504491781295158092e-05 2.026400783304396259e-04 -9.559261108270227522e-04 3.543974129412166395e-03 -4.626963443924735943e-03 4.411672781244897012e-07 1.107596127875671579e-06 6.011619402481976612e-07 1.032405596371580282e-07 3.811290919557798753e-06 7.217127378045071369e-06 -4.213744519947534145e-05 -1.369174066480324846e-03 1.862817971180116534e-04 -5.775551008422633546e-04 -2.011444391564657606e-05
-2.229693675235710257e-06 -1.761331538436536882e-06 -2.491626551801499699e-07 -4.319773173916336532e-08 -6.926330677880106961e-08 -1.241359969691267969e-07 9.201247183673991363e-07 2.304594276160807932e-05 5.674577085145332056e-07 -1.214131008071411320e-07 2.151588249102023861e-07 -6.295326594883468504e-07 1.847736295860222740e-07 5.440554168231862804e-07 -7.575967363595758088e-08 3.997675403344070747e-09 -5.825455304410252623e-10 1.802376221565773985e-04 2.163981689330086110e-06 3.739974334696864643e-06 -4.230843795082624116e-05 2.887352924802093356e-05 2.450789605804860308e-05 -4.717630133155639727e-05 -2.018032291152339929e-04 -2.027135816339097237e-03 4.485878447650526457e-03 2.237792168065500485e-03 -4.526246877020022839e-03 -2.907785963300407792e-07 2.184050427194901632e-07 -3.460032762334641496e-06 1.199656962610236921e-06 2.262071371558492367e-06 -1.223604817498704144e-05 2.555193169839134601e-04 1.091798948381596940e-03 -4.833919320295552530e-05 7.787126351484263741e-05 -5.449537160900535312e-05
-6.988952646775156995e-06 -1.915402608098711152e-06 -6.547456990863681631e-07 -2.638302802304937228e-08 -1.190326985041573873e-06 -5.908130744471893256e-08 -1.809212438839791254e-08 5.674577085145332056e-07 2.338626012945728739e-05 4.378484552385037525e-07 3.934027969679223664e-09 3.072414011421120018e-07 -1.147357985167547744e-06 6.268437012075059183e-07 -5.205560918417894083e-08 -2.421996435456536419e-08 2.262988194579434848e-08 9.576590216178226854e-04 -2.308746697660898205e-06 -2.197885154107347117e-04 1.239853499539268257e-04 2.816065209521525731e-06 -2.775757559319500295e-05 -2.535519458729507906e-04 -3.977830609954913959e-04 6.556500703388134892e-03 -2.668804113453117875e-03 1.053496523268129901e-03 8.867164591478006843e-04 1.338122366926357768e-06 1.067847350924219664e-06 -7.319810572291146202e-07 -2.277910697893867921e-06 1.606967210828308318e-06 2.847870115579870869e-05 -1.126028952294535600e-04 -1.328030289675147702e-04 -1.392514790863862433e-04 1.321772236289362021e-04 6.947625850493402183e-05
-4.104606972034829929e-06 -4.964889852468050637e-07 -2.383235224244579213e-07 8.974860430819215501e-09 -6.421556843954334552e-07 -3.481692175794800071e-07 -2.761434987955233581e-07 -1.214131008071411320e-07 4.378484552385037525e-07 2.424187561780183432e-05 -1.047334867807648398e-07 -9.438819558463004523e-08 6.584670238864268020e-07 -9.660249254420138092e-07 -2.076648585494243294e-08 -1.031222587276235443e-08 3.141746256226431844e-10 -7.687989300352458181e-05 6.107680755763556740e-06 -2.789437024887580388e-06 -1.670203406254712529e-06 -3.525120470068711083e-05 8.488655933448875982e-05 4.580986989046191056e-05 1.067355544706688421e-04 1.517932344480946421e-03 3.752584053015387000e-03 1.568399012898241988e-03 -1.441157465184215569e-03 -2.019657181582268142e-06 -8.318274763630813684e-07 -5.402020153680703477e-06 -3.394586976306665156e-06 -9.256678731582053366e-07 -2.703653231112113613e-05 -3.410500459886411543e-05 2.071427889365443249e-05 -1.190143989288178455e-04 1.486674104855901038e-04 3.301570071025904378e-05
-2.761988127084600810e-07 -4.347857309875924132e-07 8.217442152414162570e-09 7.575536492415127154e-11 -2.974964670176953446e-08 1.067336936505881722e-07 -5.847591388928032590e-08 2.151588249102023861e-07 3.934027969679223664e-09 -1.047334867807648398e-07 2.503989161897037920e-05 7.101559979158220667e-08 -2.179802727553649815e-07 1.045906551327471946e-07 9.544564900504858812e-09 1.989823051003985465e-08 2.318158045191103189e-09 5.524243857130366328e-04 -5.237435216617705430e-06 5.788551992717060426e-05 -5.499686292902315272e-05 9.720779932688133597e-06 2.709182514417979217e-05 9.224000460852166481e-05 2.610061958948599998e-04 -1.869326844088699691e-03 -3.327254799315869978e-03 6.660381650011845721e-04 1.789125971846945284e-04 3.453803845192012226e-08 2.786288439218768704e-07 1.703525814890951305e-06 7.753107285159394869e-07 -3.582587737135147492e-07 2.515183611892623672e-06 -2.784905561071014947e-05 -2.639198975025045988e-04 -5.660025808042361598e-05 2.232008266073530456e-04 -2.960353702610191991e-05
1.994918482425523172e-06 1.838471529759595442e-06 2.550428467433019441e-07 3.645748708911218050e-08 1.283260729920857283e-07 4.611542862662007565e-08 9.565098783875813003e-08 -6.295326594883468504e-07 3.072414011421120018e-07 -9.438819558463004523e-08 7.101559979158220667e-08 2.421912148103440925e-05 2.812628964058506373e-07 1.201287616000124474e-07 4.067298997222074694e-08 -1.214713241082784256e-08 1.820978403926670001e-08 -4.821041166646186844e-04 7.345734657815924676e-07 -6.031660606533919411e-05 3.699697300805668379e-05 3.334887842348768295e-05 -3.706286058968211622e-05 5.109491373527043953e-05 2.013438135426637979e-05 2.347022160050277542e-03 -7.167542910591014104e-04 -2.871023149530088289e-03 -8.512550622988934550e-04 3.212877055565357188e-07 1.302315586532680816e-07 2.375905892387332257e-06 -1.001078616707142250e-06 -2.277965430991476418e-06 4.079799082530921253e-06 3.634460834810874158e-05 3.597402878720438243e-05 1.571332178978229689e-04 -3.267828743410824076e-04 -4.924941186195125732e-05
-4.562260140616266619e-06 -8.093249077714479186e-07 -3.572354227984417420e-07 -1.794953960782662942e-09 -8.051756357831008682e-07 -1.263010061120130489e-07 -1.496259455484555588e-07 1.847736295860222740e-07 -1.147357985167547744e-06 6.584670238864268020e-07 -2.179802727553649815e-07 2.812628964058506373e-07 2.385931840148477023e-05 6.370067814211368743e-07 -3.771425463202652205e-08 -1.754006278172399401e-08 9.144372808249667871e-09 -2.486552730142686600e-04 2.822788375045591728e-06 -8.743613593715674837e-05 8.545839132469913355e-05 4.046977249366793893e-05 -4.841159969514515372e-05 4.534837280275107895e-05 2.086260734637510376e-04 -5.452533868178429532e-05 -4.781920771464014141e-04 -1.785152403928303702e-03 -2.649741688721536995e-03 -4.428024690758887828e-07 -5.636518995888102958e-07 -1.737304206359761028e-06 -9.362412128048997554e-07 -4.004795846998158912e-07 -1.279247253823877862e-05 -5.215300682404829826e-05 -4.549329369256419157e-05 -6.313742070294036876e-05 3.273976803785454223e-06 2.835150383580957036e-05
-5.172998613550859629e-06 -2.176676440872591250e-06 -5.107001765500438633e-07 -3.856082084705658396e-08 -7.863502645948523942e-07 -7.562465087573962654e-08 -4.148216682339136479e-08 5.440554168231862804e-07 6.268437012075059183e-07 -9.660249254420138092e-07 1.045906551327471946e-07 1.201287616000124474e-07 6.370067814211368743e-07 2.426657755270833700e-05 2.319338448208814145e-08 8.913125836212487098e-09 -1.304626076399494907e-08 1.071188443316849854e-04 2.026106361467899793e-06 -4.493972084632999198e-05 -5.633005802715822229e-06 -2.178743917305276219e-05 3.080061552084385138e-05 3.699323544269449138e-05 2.234665889623797797e-04 1.269665271296035449e-03 -3.288422961339884480e-03 2.190528766379991332e-03 1.675888105958009671e-03 3.341598721432886310e-09 -1.046144927781073064e-06 -1.568050068095844052e-07 -9.953692347683942225e-07 1.236616728015323098e-06 -4.169379395101787266e-06 2.685419285283553216e-05 2.604861093409363559e-04 -1.141344639806010934e-04 1.206711319335438261e-04 1.546388740499166035e-05
9.891321457859267356e-06 1.313177652421983837e-07 -3.111227108543645795e-07 -7.188045999157438145e-09 -4.666207741115805309e-07 -1.685329083502145086e-07 5.699110959487974451e-08 -7.575967363595758088e-08 -5.205560918417894083e-08 -2.076648585494243294e-08 9.544564900504858812e-09 4.067298997222074694e-08 -3.771425463202652205e-08 2.319338448208814145e-08 6.126844245265064379e-06 9.010184033208785554e-10 1.095673010197144943e-08 7.982826468268068359e-04 -3.234288730467397529e-06 2.388562281166889801e-06 2.155379322317429723e-05 -1.706746006874069395e-05 6.629531922409517325e-07 1.528509387375534724e-05 7.160243188209446889e-04 1.230478257709995615e-03 2.574632781145675363e-03 -2.250299765382315074e-04 -2.592624583746118688e-03 -4.373747037981241716e-07 1.292927817802520142e-07 -7.279921102342437060e-07 1.052849332491293846e-06 -1.091536478791804733e-06 -4.021050662987622090e-06 -1.452036158706515168e-05 -3.288938627871903624e-05 7.656559939109768841e-06 -1.600480968941307971e-05 -7.192118888414511712e-06
4.725330236650067490e-07 2.849473717581360053e-07 2.550388846413536816e-08 1.200013450425386542e-08 5.894751325209342607e-09 -2.104531259411510748e-08 2.402875754983818786e-08 3.997675403344070747e-09 -2.421996435456536419e-08 -1.031222587276235443e-08 1.989823051003985465e-08 -1.214713241082784256e-08 -1.754006278172399401e-08 8.913125836212487098e-09 9.010184033208785554e-10 4.398238536579817358e-07 1.858353481294809637e-10 -1.444453039543924886e-04 -2.171698546679385292e-07 3.150265340441458356e-05 -2.511361153715009023e-05 1.011895380848555994e-04 -1.220433253094819451e-04 -5.172322574649389194e-05 9.433179473468363615e-05 3.988451495459131683e-03 -3.492217297534184941e-03 2.074390325592463660e-05 -2.386114924570556398e-04 -1.780113964571959583e-07 2.887634393255623285e-08 -5.254370556403659174e-08 -1.029290892787471212e-07 -3.601666611528346408e-07 6.316862032682668267e-07 1.995373397627028786e-06 5.820302579669809227e-06 9.493954045299623848e-07 -2.771098318973571270e-07 2.539939196454035190e-07
-6.980632250935050433e-08 -1.140641759108735237e-07 -9.829513223417835201e-09 -1.939663254481428504e-09 1.837121729943968040e-09 -1.088304548295396505e-08 -1.459019287304967535e-08 -5.825455304410252623e-10 2.262988194579434848e-08 3.141746256226431844e-10 2.318158045191103189e-09 1.820978403926670001e-08 9.144372808249667871e-09 -1.304626076399494907e-08 1.095673010197144943e-08 1.858353481294809637e-10 4.125042562380386000e-07 6.197625719440652894e-04 1.207947795831411074e-06 -2.324857600203409269e-05 3.288326667289655063e-05 4.199601854395919869e-06 -2.343645777337979096e-05 2.611093285082401790e-04 5.340360128047333963e-04 -4.264531374900581073e-04 -1.250928714221903083e-03 9.659533883469045195e-04 -5.951986561081770277e-04 -1.553198031243027638e-08 -4.671749751269626831e-08 1.485122457306281627e-07 2.349970862366816163e-07 -1.723380520075641178e-08 -8.841621696700819716e-07 1.240851092852028630e-06 7.546713328186663357e-06 3.710694665728978919e-06 -7.312235190000404900e-06 1.005478910142179236e-06
-9.614893660801154471e-03 -4.175710303822145406e-03 -5.018480825133894013e-04 -1.792354939046863832e-04 -3.599636255238922145e-04 -1.369713439493150256e-03 1.159759382760160461e-04 1.802376221565773985e-04 9.576590216178226854e-04 -7.687989300352458181e-05 5.524243857130366328e-04 -4.821041166646186844e-04 -2.486552730142686600e-04 1.071188443316849854e-04 7.982826468268068359e-04 -1.444453039543924886e-04 6.197625719440652894e-04 4.616116002802451703e+02 -1.329559905806053932e-01 -1.143372947775524340e+00 1.061037348865738972e+00 7.741583097937973501e-02 4.220418407937360367e-02 -2.042695447162102695e+01 -6.482101349961095593e+01 5.421274322532176626e+01 -1.699064895389722665e+02 7.699004087922114650e+02 -6.061591391122121877e+02 -6.408420933852789110e-03 2.200700459127392233e-03 8.867522222807606644e-03 -2.459663025488640666e-03 1.623708804660084406e-03 -2.604344298435138337e-03 -1.368719687116352057e-01 -6.275047432402155456e-01 -7.435021425910363913e-02 5.840786671229077076e-02 -9.380954076752223009e-03
-4.232173162353253986e-05 -5.130554256915817159e-05 -5.559528828878370470e-06 -1.157447751953817358e-06 -1.855854516090945777e-06 4.422250749515531311e-06 -6.083405517328731436e-06 2.163981689330086110e-06 -2.308746697660898205e-06 6.107680755763556740e-06 -5.237435216617705430e-06 7.345734657815924676e-07 2.822788375045591728e-06 2.026106361467899793e-06 -3.234288730467397529e-06 -2.171698546679385292e-07 1.207947795831411074e-06 -1.329559905806053932e-01 8.305335842553525361e-02 2.235460876396223970e-04 2.326901839015684328e-03 -2.911323232184422679e-03 -1.899876671731543431e-03 1.314502356681929857e-02 -1.835842312094883647e-02 7.299787921085749975e-02 -1.876933912947169325e-01 5.317089185749599434e-01 -6.450702882706589314e-01 7.612049098034678863e-05 -6.634488541915809065e-05 1.707547835812743954e-04 -4.519025498281194328e-05 2.669482272099066842e-04 -7.732877604044082745e-04 2.869777611601918963e-04 2.625879198147474790e-03 1.285609392102597247e-04 -1.213623268512354839e-04 2.370852312449597832e-04
-9.985683194642727520e-07 -3.795548117526102716e-04 1.054754661499604176e-04 5.384141788673212691e-06 6.789511687180422618e-05 1.677609480934442543e-04 9.386032764808033789e-05 3.739974334696864643e-06 -2.197885154107347117e-04 -2.789437024887580388e-06 5.788551992717060426e-05 -6.031660606533919411e-05 -8.743613593715674837e-05 -4.493972084632999198e-05 2.388562281166889801e-06 3.150265340441458356e-05 -2.324857600203409269e-05 -1.143372947775524340e+00 2.235460876396223970e-04 4.568731374380629262e+00 -3.615272031073565095e+00 -9.309512034791271595e-02 5.253998926076261511e-02 4.043429472303700645e-01 3.773528164186243372e-01 -5.378581217948530835e+00 1.591100040495782686e+00 7.958361777929914282e+00 -3.278783775162949610e+00 -1.489831854969282492e-04 -3.006932555721959907e-04 8.662172240034074749e-04 -1.593891411414969153e-04 -7.673498269585238632e-04 -2.832005861947442093e-03 7.379099605515255199e-03 2.876532681091705998e-02 -4.331977928633061817e-03 9.456104797522813313e-03 -1.787234406864723728e-03
3.434647050271705184e-04 4.375432573691031158e-04 3.472528226096424604e-05 9.340514495063906452e-06 -2.774031479581639721e-06 -8.351315031899429709e-05 -2.896477909113759767e-05 -4.230843795082624116e-05 1.239853499539268257e-04 -1.670203406254712529e-06 -5.499686292902315272e-05 3.699697300805668379e-05 8.545839132469913355e-05 -5.633005802715822229e-06 2.155379322317429723e-05 -2.511361153715009023e-05 3.288326667289655063e-05 1.061037348865738972e+00 2.326901839015684328e-03 -3.615272031073565095e+00 7.361140158986939852e+00 9.188762566542861554e-02 -2.783842462549810867e-02 -2.381417068746382315e-01 -1.580478801334667394e-01 3.987769631390384539e+00 -2.665452253924353254e+00 -6.621866779044013995e+00 2.034392680694959044e+00 -3.650084800208713582e-04 6.061877654323916250e-04 -2.668155590269317870e-04 7.015893691030755447e-04 7.742651839612222330e-04 4.443363531415830264e-03 -6.150721408456434960e-03 -2.232857339465566665e-02 1.116835865462188770e-02 -1.829286497710164855e-02 1.010178153505788190e-03
1.162862740901066377e-03 1.524136185149399438e-03 1.961914341543587236e-04 2.627664624689543787e-05 7.210830148187255594e-05 1.669059941146086275e-04 7.521112402131292232e-05 2.887352924802093356e-05 2.816065209521525731e-06 -3.525120470068711083e-05 9.720779932688133597e-06 3.334887842348768295e-05 4.046977249366793893e-05 -2.178743917305276219e-05 -1.706746006874069395e-05 1.011895380848555994e-04 4.199601854395919869e-06 7.741583097937973501e-02 -2.911323232184422679e-03 -9.309512034791271595e-02 9.188762566542861554e-02 3.531977012397058857e+00 3.821185762280567833e-01 8.846977962644980015e-03 -1.587109260812826217e-01 -8.249977421712758385e+00 9.555844721633009797e+00 1.487508798225480044e-01 -5.084955392981543865e-01 -1.473640725061148076e-04 7.228383618235748520e-04 -5.660369147742217713e-04 -3.768571870970479514e-04 -3.329828962300416823e-04 2.201948153395165506e-03 -2.171529866137379434e-03 -7.491557867099212127e-03 1.358839497908727149e-02 -1.766135473393691188e-02 1.173175220535498803e-02
-2.835811700288899282e-04 -1.954758833564738463e-04 -2.802097908054961874e-05 -4.544651968768110778e-06 -9.705399927487191877e-06 1.153742719615222012e-04 6.755779936835005410e-05 2.450789605804860308e-05 -2.775757559319500295e-05 8.488655933448875982e-05 2.709182514417979217e-05 -3.706286058968211622e-05 -4.841159969514515372e-05 3.080061552084385138e-05 6.629531922409517325e-07 -1.220433253094819451e-04 -2.343645777337979096e-05 4.220418407937360367e-02 -1.899876671731543431e-03 5.253998926076261511e-02 -2.783842462549810867e-02 3.821185762280567833e-01 3.392396287550758505e+00 2.531195103605949015e+00 2.321375655445867103e+00 7.635592958591716162e+00 -1.300163992542174007e+01 3.589447375764420300e+00 -9.331239542941818232e-01 -9.863131549670075702e-05 -1.710011764366230137e-04 1.943689869305686210e-04 9.739945872600137833e-04 2.196444060190565781e-04 -7.851876558232429720e-03 1.785763287391141374e-03 4.784373989278093223e-03 -3.802499922178735267e-03 4.813610622749734552e-04 -5.075410711179707823e-03
-7.630780813828264095e-04 -2.926939107097010768e-04 -7.222297597425918597e-06 -3.547682507593079873e-06 1.726462344434805999e-05 -2.276481986203058303e-04 3.163721961498128035e-06 -4.717630133155639727e-05 -2.535519458729507906e-04 4.580986989046191056e-05 9.224000460852166481e-05 5.109491373527043953e-05 4.534837280275107895e-05 3.699323544269449138e-05 1.528509387375534724e-05 -5.172322574649389194e-05 2.611093285082401790e-04 -2.042695447162102695e+01 1.314502356681929857e-02 4.043429472303700645e-01 -2.381417068746382315e-01 8.846977962644980015e-03 2.531195103605949015e+00 1.888845908220808667e+01 3.254520528449261718e+01 3.363773302176749969e+00 4.238553665296016248e+01 -5.937348127085262917e+01 7.064939912607094419e-01 -1.398417953790831035e-04 -5.242773210721293818e-05 2.854113538706178326e-03 1.010132975333828361e-04 -1.450879922255110142e-03 -7.991966192369028346e-03 -1.277441493878556794e-03 -2.738968544821463250e-02 -1.298292469664992163e-02 2.209173065603660738e-02 8.724642477221425038e-03
-3.736138723166748421e-05 -4.641095619027263723e-04 -9.993054919565142640e-05 4.872724497083925911e-06 -9.691740079234861685e-05 -6.111207000137409192e-04 1.504491781295158092e-05 -2.018032291152339929e-04 -3.977830609954913959e-04 1.067355544706688421e-04 2.610061958948599998e-04 2.013438135426637979e-05 2.086260734637510376e-04 2.234665889623797797e-04 7.160243188209446889e-04 9.433179473468363615e-05 5.340360128047333963e-04 -6.482101349961095593e+01 -1.835842312094883647e-02 3.773528164186243372e-01 -1.580478801334667394e-01 -1.587109260812826217e-01 2.321375655445867103e+00 3.254520528449261718e+01 8.627653232110475301e+01 -6.169589353173964952e+00 6.588401261197175529e+01 -5.199191763105821451e+01 -1.944069563824692182e+01 -2.441841204550502839e-05 -5.614211638469103407e-05 4.810137053511347183e-03 2.169887956240663213e-04 -2.655616564871458168e-03 -2.114221092585634801e-02 -2.683221639466612431e-03 -3.219667771802182249e-02 -4.818489341278313354e-02 1.032463560936299485e-01 6.668088398455186347e-03
-5.181415801072999233e-02 -5.112734787254120256e-02 4.529195802586578543e-03 3.506325543399460028e-05 2.457603749978983041e-03 -5.558290046278138458e-04 2.026400783304396259e-04 -2.027135816339097237e-03 6.556500703388134892e-03 1.517932344480946421e-03 -1.869326844088699691e-03 2.347022160050277542e-03 -5.452533868178429532e-05 1.269665271296035449e-03 1.230478257709995615e-03 3.988451495459131683e-03 -4.264531374900581073e-04 5.421274322532176626e+01 7.299787921085749975e-02 -5.378581217948530835e+00 3.987769631390384539e+00 -8.249977421712758385e+00 7.635592958591716162e+00 3.363773302176749969e+00 -6.169589353173964952e+00 1.253851881667912130e+04 6.721183552173432645e+02 -8.125546677912414140e+00 4.853691028938165175e+01 1.586387410985861876e-02 -1.491949535626510819e-03 1.116047211173092600e-02 2.510797896511770058e-02 -5.331345793392987947e-03 2.360159867122208210e-01 -4.109944721710148130e-01 -3.912107614990043558e-01 3.380651001995650662e-02 -5.257948946568262727e-01 3.831244883409370972e-01
-3.738243453209959179e-03 3.803629240665149479e-03 2.183744807385428095e-03 1.915937912408197650e-04 5.436636094022733292e-04 -1.072116357737363948e-03 -9.559261108270227522e-04 4.485878447650526457e-03 -2.668804113453117875e-03 3.752584053015387000e-03 -3.327254799315869978e-03 -7.167542910591014104e-04 -4.781920771464014141e-04 -3.288422961339884480e-03 2.574632781145675363e-03 -3.492217297534184941e-03 -1.250928714221903083e-03 -1.699064895389722665e+02 -1.876933912947169325e-01 1.591100040495782686e+00 -2.665452253924353254e+00 9.555844721633009797e+00 -1.300163992542174007e+01 4.238553665296016248e+01 6.588401261197175529e+01 6.721183552173432645e+02 1.263952811309558092e+04 1.344009493685544840e+03 -4.892136522391309086e+02 2.085430905511717961e-02 3.547940807873529306e-02 2.271828102052703482e-02 -8.022820285552680064e-02 3.244808993923119916e-02 -4.166484618700388443e-01 2.000417455368683484e-01 1.139073240448078561e+00 -4.331847668760142184e-02 1.529978440068226753e-01 -9.433825517088678669e-02
1.248308843970790186e-02 1.076957496443545735e-02 4.091324038302993939e-03 6.054346677741338041e-04 1.227153889700921367e-03 -1.813226289410715475e-03 3.543974129412166395e-03 2.237792168065500485e-03 1.053496523268129901e-03 1.568399012898241988e-03 6.660381650011845721e-04 -2.871023149530088289e-03 -1.785152403928303702e-03 2.190528766379991332e-03 -2.250299765382315074e-04 2.074390325592463660e-05 9.659533883469045195e-04 7.699004087922114650e+02 5.317089185749599434e-01 7.958361777929914282e+00 -6.621866779044013995e+00 1.487508798225480044e-01 3.589447375764420300e+00 -5.937348127085262917e+01 -5.199191763105821451e+01 -8.125546677912414140e+00 1.344009493685544840e+03 1.185747237397401477e+04 1.098086296460813855e+03 5.307195632263387274e-03 1.097938721720299188e-02 2.602184380247742762e-02 4.544453610279464845e-02 6.816439290383018157e-02 -2.211978404248989838e-01 -2.366476666001980644e-01 -2.563648147103655184e+00 -2.889116813591748045e-02 -1.453663181162663520e-01 -5.013230740787565365e-01
1.777401042074345724e-02 2.243904844237080975e-02 2.361152905306803090e-03 3.198687264580816862e-04 1.394207357859946275e-03 2.063624643127682471e-04 -4.626963443924735943e-03 -4.526246877020022839e-03 8.867164591478006843e-04 -1.441157465184215569e-03 1.789125971846945284e-04 -8.512550622988934550e-04 -2.649741688721536995e-03 1.675888105958009671e-03 -2.592624583746118688e-03 -2.386114924570556398e-04 -5.951986561081770277e-04 -6.061591391122121877e+02 -6.450702882706589314e-01 -3.278783775162949610e+00 2.034392680694959044e+00 -5.084955392981543865e-01 -9.331239542941818232e-01 7.064939912607094419e-01 -1.944069563824692182e+01 4.853691028938165175e+01 -4.892136522391309086e+02 1.098086296460813855e+03 1.312620437705921177e+04 1.236400276020039289e-02 -1.482747617756134846e-02 5.863957855861197388e-02 -1.002911410870629960e-01 2.919970802527200107e-03 -4.220720386735103105e-04 -2.220532718563891506e-01 6.755229457361122680e-01 4.972541692066338448e-01 -7.525322856035935315e-01 4.616727949916994977e-01
1.128163583108996609e-06 2.114242534179043646e-06 -2.204414641372580337e-07 -8.464552627120855795e-08 6.528732786196010821e-07 -8.163218741695223834e-07 4.411672781244897012e-07 -2.907785963300407792e-07 1.338122366926357768e-06 -2.019657181582268142e-06 3.453803845192012226e-08 3.212877055565357188e-07 -4.428024690758887828e-07 3.341598721432886310e-09 -4.373747037981241716e-07 -1.780113964571959583e-07 -1.553198031243027638e-08 -6.408420933852789110e-03 7.612049098034678863e-05 -1.489831854969282492e-04 -3.650084800208713582e-04 -1.473640725061148076e-04 -9.863131549670075702e-05 -1.398417953790831035e-04 -2.441841204550502839e-05 1.586387410985861876e-02 2.085430905511717961e-02 5.307195632263387274e-03 1.236400276020039289e-02 1.509697109956308981e-03 2.595171018998733751e-04 3.833454826759689329e-05 -4.042032766976314472e-04 1.759700351171156269e-05 -1.002426593702634473e-04 5.612982184371693181e-05 1.853677241613872978e-04 1.669747912284805388e-04 -1.706943092118660618e-04 6.080179266053528203e-05
3.988302103316877677e-06 5.682483592800173390e-06 -4.437289673321080944e-07 1.922848997071794616e-09 1.548638437962096097e-07 -4.674177324677151468e-07 1.107596127875672214e-06 2.184050427194911426e-07 1.067847350924219876e-06 -8.318274763630824272e-07 2.786288439218769763e-07 1.302315586532678963e-07 -5.636518995888102958e-07 -1.046144927781073487e-06 1.292927817802524906e-07 2.887634393255599131e-08 -4.671749751269610287e-08 2.200700459127395269e-03 -6.634488541915806354e-05 -3.006932555721961533e-04 6.061877654323918419e-04 7.228383618235745267e-04 -1.710011764366230951e-04 -5.242773210721285687e-05 -5.614211638468990243e-05 -1.491949535626512337e-03 3.547940807873530000e-02 1.097938721720297280e-02 -1.482747617756134846e-02 2.595171018998733751e-04 9.049742951198049088e-04 1.827558521680021800e-05 7.174456969949474750e-04 7.864557989363142525e-06 -3.016021535301009488e-04 -8.726910629652117699e-06 -1.552578457352113363e-04 1.519804232154003249e-04 -2.524374636188795023e-04 1.030210039189155682e-04
-1.237473242392847502e-05 -1.750319094987722255e-05 -9.314171009615094240e-07 -4.305126008046804694e-07 9.598220845262568756e-07 -1.342236806382957083e-06 6.011619402481976612e-07 -3.460032762334641496e-06 -7.319810572291146202e-07 -5.402020153680703477e-06 1.703525814890951305e-06 2.375905892387332257e-06 -1.737304206359761028e-06 -1.568050068095844052e-07 -7.279921102342437060e-07 -5.254370556403659174e-08 1.485122457306281627e-07 8.867522222807606644e-03 1.707547835812743954e-04 8.662172240034074749e-04 -2.668155590269317870e-04 -5.660369147742217713e-04 1.943689869305686210e-04 2.854113538706178326e-03 4.810137053511347183e-03 1.116047211173092600e-02 2.271828102052703482e-02 2.602184380247742762e-02 5.863957855861197388e-02 3.833454826759689329e-05 1.827558521680021800e-05 8.103149983835974957e-03 6.151246792566355859e-06 9.279519045824797694e-06 6.392066737101097728e-05 1.097602356671698400e-04 4.583616805901070154e-04 3.243221178980216840e-04 -7.110869144583424790e-04 -2.248005231055837273e-05
-1.060712453561151227e-05 -1.010558963991135882e-05 -1.563914387977836816e-06 -2.699681023901805112e-07 1.243329982794640510e-06 -6.484831090619857927e-06 1.032405596371580282e-07 1.199656962610236921e-06 -2.277910697893867921e-06 -3.394586976306665156e-06 7.753107285159394869e-07 -1.001078616707142250e-06 -9.362412128048997554e-07 -9.953692347683942225e-07 1.052849332491293846e-06 -1.029290892787471212e-07 2.349970862366816163e-07 -2.459663025488640666e-03 -4.519025498281194328e-05 -1.593891411414969153e-04 7.015893691030755447e-04 -3.768571870970479514e-04 9.739945872600137833e-04 1.010132975333828361e-04 2.169887956240663213e-04 2.510797896511770058e-02 -8.022820285552680064e-02 4.544453610279464845e-02 -1.002911410870629960e-01 -4.042032766976314472e-04 7.174456969949474750e-04 6.151246792566355859e-06 3.256942448003095208e-03 -3.970562515832662924e-05 -9.271698440873509450e-05 -4.790171466356420220e-05 -3.015392904459870049e-04 2.584982122849691349e-04 -4.496515818694411608e-04 4.203178875529662970e-05
-3.048404985723060448e-06 -1.383942334575595349e-06 1.710366358330989459e-06 1.809754770494650573e-07 9.141054875835006272e-07 -1.536240690069579110e-06 3.811290919557800871e-06 2.262071371558491944e-06 1.606967210828307259e-06 -9.256678731582096776e-07 -3.582587737135167609e-07 -2.277965430991474724e-06 -4.004795846998138795e-07 1.236616728015323098e-06 -1.091536478791804309e-06 -3.601666611528345349e-07 -1.723380520075637208e-08 1.623708804660088309e-03 2.669482272099066300e-04 -7.673498269585255979e-04 7.742651839612236424e-04 -3.329828962300418450e-04 2.196444060190562799e-04 -1.450879922255111660e-03 -2.655616564871458602e-03 -5.331345793392947181e-03 3.244808993923123386e-02 6.816439290383020932e-02 2.919970802527200107e-03 1.759700351171156269e-05 7.864557989363142525e-06 9.279519045824797694e-06 -3.970562515832662924e-05 8.034023897796208416e-03 -7.506795571483102349e-05 -3.226750033319053588e-05 -7.112666305478826823e-04 -1.142493403043039793e-04 1.086034251617700651e-04 -3.218767088033006323e-04
1.696736625200070085e-05 4.084526279941158550e-05 -1.206130291365611036e-06 4.088972072322765992e-07 -3.472832985429677928e-06 1.589633639528755980e-05 7.217127378045071369e-06 -1.223604817498704144e-05 2.847870115579870869e-05 -2.703653231112113613e-05 2.515183611892623672e-06 4.079799082530921253e-06 -1.279247253823877862e-05 -4.169379395101787266e-06 -4.021050662987622090e-06 6.316862032682668267e-07 -8.841621696700819716e-07 -2.604344298435138337e-03 -7.732877604044082745e-04 -2.832005861947442093e-03 4.443363531415830264e-03 2.201948153395165506e-03 -7.851876558232429720e-03 -7.991966192369028346e-03 -2.114221092585634801e-02 2.360159867122208210e-01 -4.166484618700388443e-01 -2.211978404248989838e-01 -4.220720386735103105e-04 -1.002426593702634473e-04 -3.016021535301009488e-04 6.392066737101097728e-05 -9.271698440873509450e-05 -7.506795571483102349e-05 2.907150511799604375e-01 -7.338843076312977914e-04 -2.385940968192510562e-03 8.726252667230115440e-04 -1.884292408293964478e-03 2.218791745162305897e-03
1.735478591524004625e-03 8.662391852064318812e-04 1.890326409937639830e-04 1.844961163111456277e-05 2.067908691434872331e-04 1.113611485104858167e-04 -4.213744519947534145e-05 2.555193169839134601e-04 -1.126028952294535600e-04 -3.410500459886411543e-05 -2.784905561071014947e-05 3.634460834810874158e-05 -5.215300682404829826e-05 2.685419285283553216e-05 -1.452036158706515168e-05 1.995373397627028786e-06 1.240851092852028630e-06 -1.368719687116352057e-01 2.869777611601918963e-04 7.379099605515255199e-03 -6.150721408456434960e-03 -2.171529866137379434e-03 1.785763287391141374e-03 -1.277441493878556794e-03 -2.683221639466612431e-03 -4.109944721710148130e-01 2.000417455368683484e-01 -2.366476666001980644e-01 -2.220532718563891506e-01 5.612982184371693181e-05 -8.726910629652117699e-06 1.097602356671698400e-04 -4.790171466356420220e-05 -3.226750033319053588e-05 -7.338843076312977914e-04 1.643610591808737642e-01 7.363809590331877875e-01 2.251401230957515362e-02 -1.370810533111799798e-03 -4.839848705213694452e-02
7.624903273501611699e-03 4.334681439644108396e-03 8.604332729218285491e-04 9.980997403050564465e-05 7.774153603704055506e-04 5.436851467967118538e-04 -1.369174066480325063e-03 1.091798948381596940e-03 -1.328030289675148515e-04 2.071427889365439523e-05 -2.639198975025045988e-04 3.597402878720440953e-05 -4.549329369256415768e-05 2.604861093409363559e-04 -3.288938627871904302e-05 5.820302579669809227e-06 7.546713328186664204e-06 -6.275047432402157677e-01 2.625879198147475658e-03 2.876532681091707039e-02 -2.232857339465569441e-02 -7.491557867099179167e-03 4.784373989278119244e-03 -2.738968544821464290e-02 -3.219667771802184331e-02 -3.912107614990015247e-01 1.139073240448077673e+00 -2.563648147103653407e+00 6.755229457361122680e-01 1.853677241613872978e-04 -1.552578457352113363e-04 4.583616805901070154e-04 -3.015392904459870049e-04 -7.112666305478826823e-04 -2.385940968192510562e-03 7.363809590331877875e-01 4.581910653867937278e+00 7.663989521548730810e-02 1.823363670842397255e-01 1.154883575663005896e-01
5.456199008237248675e-03 3.390456999396307923e-03 6.379364165559337071e-04 7.453762051019004566e-05 6.039017202001057197e-04 1.236214146572840961e-04 1.862817971180116534e-04 -4.833919320295552530e-05 -1.392514790863862433e-04 -1.190143989288178455e-04 -5.660025808042361598e-05 1.571332178978229689e-04 -6.313742070294036876e-05 -1.141344639806010934e-04 7.656559939109768841e-06 9.493954045299623848e-07 3.710694665728978919e-06 -7.435021425910363913e-02 1.285609392102597247e-04 -4.331977928633061817e-03 1.116835865462188770e-02 1.358839497908727149e-02 -3.802499922178735267e-03 -1.298292469664992163e-02 -4.818489341278313354e-02 3.380651001995650662e-02 -4.331847668760142184e-02 -2.889116813591748045e-02 4.972541692066338448e-01 1.669747912284805388e-04 1.519804232154003249e-04 3.243221178980216840e-04 2.584982122849691349e-04 -1.142493403043039793e-04 8.726252667230115440e-04 2.251401230957515362e-02 7.663989521548730810e-02 2.589753948037903930e-01 -4.600061434515049785e-01 1.376190297241700056e-02
