# logA ns H0 omegabh2 omegach2 omegam_growth DES_DZ_S1 DES_DZ_S2 DES_DZ_S3 DES_DZ_S4 DES_M1 DES_M2 DES_M3 DES_M4 DES_A1_1 DES_A1_2 DES_A2_1 DES_A2_2 DES_BTA_1
1.012994952217202357e-02 3.491506959947761378e-04 -6.246476917683017188e-02 -6.461934445498823452e-07 -7.000846999750264150e-04 -6.487798573471220513e-04 1.091461034608331301e-05 3.159481164077538938e-06 6.822594788288734745e-06 5.198587634990525741e-06 -1.482589069997049948e-06 -6.471734328102976574e-07 -2.007564746818990599e-05 -1.503216174289836078e-05 -1.623284697780889721e-03 -9.610835426102958337e-03 -5.031799275002380237e-03 7.087100129548587826e-03 -4.798646629853310294e-03
3.491506959947761378e-04 5.133035221216838886e-04 -4.717911379338612585e-03 -4.153541037021199876e-07 -4.105892191051033321e-05 9.126098117044335834e-05 -1.747521513454938646e-06 1.375294876648835107e-06 -1.278276440252955364e-06 -1.205834594343383432e-06 -2.571372658766935589e-06 2.443920697521728273e-06 -1.793400597254422439e-06 -1.407647474627046769e-06 -1.146704955001042701e-04 3.109260770226158002e-03 4.013888343877943660e-03 -2.657468823532942864e-03 2.182616172588157811e-03
-6.246476917683017188e-02 -4.717911379338612585e-03 1.266833763756952891e+00 1.808895414872072548e-04 6.769709959986176979e-03 -4.215230479310807556e-03 7.385351351080462405e-05 6.458286212469300494e-05 -1.280837850430589342e-04 -2.697382489343746242e-05 -4.035171030697288611e-06 -3.263900742250894780e-05 -6.502814959023582976e-05 -1.961272219226828275e-05 7.672452681661917628e-02 2.541504823325114182e-01 8.808783781288745396e-02 -1.855211922004425529e-01 3.168037893602052013e-02
-6.461934445498823452e-07 -4.153541037021199876e-07 1.808895414872072548e-04 2.652637663322761330e-07 4.307991391128394725e-07 -1.396185718957975141e-07 7.624261353981379842e-09 5.607460718629096833e-08 2.065471497924125118e-08 6.308349241020153373e-08 3.021410407677771513e-08 -1.844692354354874656e-08 1.265446374329446544e-08 3.638416280958548379e-08 -1.377849317785376390e-06 2.025729526004528425e-05 3.363296288953050273e-06 -1.088957816345288436e-05 2.819235169727128694e-06
-7.000846999750264150e-04 -4.105892191051033321e-05 6.769709959986176979e-03 4.307991391128394725e-07 6.439419771651368717e-05 -3.685239543429487239e-05 4.185598179497290036e-07 4.905839526381402547e-07 -2.696241959785359599e-06 -1.602848027603889995e-06 4.358599988698556471e-07 2.157601855396558382e-07 -3.456903501242321713e-07 -4.784461764229035905e-07 8.795730152043322895e-04 2.385045168905866857e-03 6.967181433388598038e-04 -1.984840678159889658e-03 2.869645060601209584e-04
-6.487798573471220513e-04 9.126098117044335834e-05 -4.215230479310807556e-03 -1.396185718957975141e-07 -3.685239543429487239e-05 1.899311271699515632e-03 3.267175126836096070e-06 -6.169697711152057918e-06 -2.010788936883296519e-06 -6.606017546407395592e-06 -3.316906217293104272e-06 -1.837166910043015080e-06 -3.198282922046982411e-07 3.994963735877929456e-06 -5.770894057212688950e-03 -3.303549432380997134e-03 1.629364171715158918e-02 -2.112439955585868057e-03 -5.917256156485753904e-04
1.091461034608331301e-05 -1.747521513454938646e-06 7.385351351080462405e-05 7.624261353981379842e-09 4.185598179497290036e-07 3.267175126836096494e-06 2.415198558921662051e-05 7.570761687645778597e-07 -2.931837649089525158e-07 2.752647146865526474e-07 -1.305532340382209518e-07 1.026986057004864355e-07 -2.683714530146058559e-07 -5.387516932664390084e-07 -2.852211381388871552e-05 -1.167624475346836681e-03 2.143214725010692055e-04 -5.650020573077935973e-04 -9.637233176007982155e-05
3.159481164077540632e-06 1.375294876648835107e-06 6.458286212469303204e-05 5.607460718629096833e-08 4.905839526381403606e-07 -6.169697711152057918e-06 7.570761687645778597e-07 2.265506674716026447e-05 4.811087606445010697e-07 3.446965447077372340e-07 -6.122541435518886714e-08 -3.519447409302625659e-07 1.381081477065163344e-07 2.567659252129287606e-07 3.201375973404688245e-04 1.213867403509506825e-03 -1.979544502387215656e-05 -2.805966837909397386e-05 -4.681517325602810016e-05
6.822594788288734745e-06 -1.278276440252955364e-06 -1.280837850430589342e-04 2.065471497924125118e-08 -2.696241959785359599e-06 -2.010788936883295672e-06 -2.931837649089525158e-07 4.811087606445010697e-07 2.407147137682417765e-05 4.632531312779208782e-07 2.164075538027088855e-07 2.752118243144312162e-07 -5.678885535882126900e-07 8.658271098193594408e-07 -9.885214230230243693e-05 -7.581250730717662583e-05 -1.990017257549338259e-04 2.061647908920173503e-04 7.803410757449990469e-05
5.198587634990525741e-06 -1.205834594343383432e-06 -2.697382489343746242e-05 6.308349241020153373e-08 -1.602848027603889995e-06 -6.606017546407395592e-06 2.752647146865526474e-07 3.446965447077372869e-07 4.632531312779208782e-07 2.389255383384233730e-05 -5.024844547630000731e-08 2.480029448273097679e-07 4.901180762597098369e-07 -1.632355330385643289e-06 -1.614031021940528344e-05 2.149483089532435386e-05 -1.939194641732369813e-04 1.940953912116150819e-04 5.228436655104156545e-06
-1.482589069997049948e-06 -2.571372658766935589e-06 -4.035171030697314869e-06 3.021410407677771513e-08 4.358599988698555942e-07 -3.316906217293103848e-06 -1.305532340382209783e-07 -6.122541435518885390e-08 2.164075538027089120e-07 -5.024844547630000731e-08 2.556888864092510692e-05 -2.977633109871235448e-07 -5.593818115664162011e-07 3.244007050392733538e-07 -2.711188533631787680e-05 -3.164228039922684999e-04 -7.035602016505421229e-05 1.712786191699018417e-04 -1.912618955591128745e-05
-6.471734328102976574e-07 2.443920697521728273e-06 -3.263900742250894780e-05 -1.844692354354874656e-08 2.157601855396558382e-07 -1.837166910043015080e-06 1.026986057004864355e-07 -3.519447409302624600e-07 2.752118243144312162e-07 2.480029448273097679e-07 -2.977633109871235978e-07 2.481369178740546797e-05 2.573832363055631438e-07 7.862348422246015144e-08 8.870145431808797190e-06 -9.394215103077615864e-05 1.501909847453700153e-04 -3.386637813460143713e-04 -4.267290321273840389e-06
-2.007564746818990599e-05 -1.793400597254422439e-06 -6.502814959023582976e-05 1.265446374329446544e-08 -3.456903501242321713e-07 -3.198282922046982411e-07 -2.683714530146058559e-07 1.381081477065163873e-07 -5.678885535882126900e-07 4.901180762597098369e-07 -5.593818115664162011e-07 2.573832363055631438e-07 2.367822789786450598e-05 6.393552273672714473e-07 -4.207578177520432557e-05 3.902558535298311193e-05 -8.922136774034435233e-05 3.856730040293988767e-05 4.110708522802573883e-05
-1.503216174289836078e-05 -1.407647474627046769e-06 -1.961272219226827936e-05 3.638416280958548379e-08 -4.784461764229035905e-07 3.994963735877929456e-06 -5.387516932664390084e-07 2.567659252129288135e-07 8.658271098193594408e-07 -1.632355330385643289e-06 3.244007050392733538e-07 7.862348422246009850e-08 6.393552273672714473e-07 2.469555763121501389e-05 3.787864419796648099e-05 3.849556755382174092e-04 -2.579116054703172456e-05 5.817344460370664776e-05 1.856533766946561666e-06
-1.623284697780889721e-03 -1.146704955001042972e-04 7.672452681661917628e-02 -1.377849317785376390e-06 8.795730152043322895e-04 -5.770894057212688950e-03 -2.852211381388871213e-05 3.201375973404688245e-04 -9.885214230230243693e-05 -1.614031021940528344e-05 -2.711188533631788357e-05 8.870145431808797190e-06 -4.207578177520432557e-05 3.787864419796646066e-05 2.157225861905056330e-01 8.016291305664222655e-01 -2.165654739951970026e-02 -9.706785650296836238e-03 -5.113786635229541216e-02
-9.610835426102954868e-03 3.109260770226158002e-03 2.541504823325114182e-01 2.025729526004528086e-05 2.385045168905866857e-03 -3.303549432380997134e-03 -1.167624475346836681e-03 1.213867403509506825e-03 -7.581250730717668004e-05 2.149483089532434031e-05 -3.164228039922684999e-04 -9.394215103077615864e-05 3.902558535298311193e-05 3.849556755382174634e-04 8.016291305664222655e-01 4.591644013055454998e+00 5.135339022039722007e-02 1.411328734165040177e-01 1.159676595162758839e-01
-5.031799275002380237e-03 4.013888343877942792e-03 8.808783781288745396e-02 3.363296288953051967e-06 6.967181433388595869e-04 1.629364171715158918e-02 2.143214725010692597e-04 -1.979544502387216672e-05 -1.990017257549337988e-04 -1.939194641732370356e-04 -7.035602016505422584e-05 1.501909847453700153e-04 -8.922136774034432523e-05 -2.579116054703181604e-05 -2.165654739951970026e-02 5.135339022039717843e-02 4.304544025902839466e-01 -4.979035973730713271e-01 1.302557728268284760e-02
7.087100129548586959e-03 -2.657468823532942864e-03 -1.855211922004425806e-01 -1.088957816345287419e-05 -1.984840678159889658e-03 -2.112439955585867623e-03 -5.650020573077935973e-04 -2.805966837909406195e-05 2.061647908920171606e-04 1.940953912116150819e-04 1.712786191699018688e-04 -3.386637813460144255e-04 3.856730040293988767e-05 5.817344460370670875e-05 -9.706785650296829299e-03 1.411328734165039622e-01 -4.979035973730713271e-01 9.455359123076045869e-01 1.836562594714542460e-02
-4.798646629853311162e-03 2.182616172588157811e-03 3.168037893602053401e-02 2.819235169727125305e-06 2.869645060601209584e-04 -5.917256156485756072e-04 -9.637233176007987576e-05 -4.681517325602811371e-05 7.803410757449989114e-05 5.228436655104172639e-06 -1.912618955591129761e-05 -4.267290321273822601e-06 4.110708522802572528e-05 1.856533766946568230e-06 -5.113786635229541216e-02 1.159676595162758561e-01 1.302557728268285107e-02 1.836562594714542807e-02 2.063189297561475177e-01
