# As_1e9 ns H0 omegab omegam DES_DZ_S1 DES_DZ_S2 DES_DZ_S3 DES_DZ_S4 DES_M1 DES_M2 DES_M3 DES_M4 DES_DZ_L1 DES_DZ_L2 DES_DZ_L3 DES_DZ_L4 DES_DZ_L5 DES_A1_1 DES_A1_2 DES_B1_1 DES_B1_2 DES_B1_3 DES_B1_4 DES_B1_5 DES_PM1 DES_PM2 DES_PM3 DES_PM4 DES_PM5
1.409358475286581203e-01 1.288029683212100866e-02 -1.227800328290974852e+00 -1.116199727804836591e-03 -5.218184386534521248e-03 3.546577694004996134e-05 -1.978612151737204671e-06 -4.416910080497158520e-05 -6.971099482909819090e-05 1.451734650368458106e-05 -3.184845597462612320e-05 -3.104265359680308879e-05 -1.132530070348577543e-05 3.013343011680477676e-05 1.489885091159974009e-05 1.736361319225380206e-05 4.190750496548675336e-05 9.951127872377618590e-05 7.612212818154069811e-03 2.032025302139629092e-03 -2.231151115866715148e-02 -2.240089830044610791e-02 -1.817127295992606792e-02 -2.527059487775159055e-02 -2.721693334237239997e-02 1.761963054575606605e-02 -3.324618755663812791e-02 -3.576564360992119662e-02 -2.060858785082824232e-02 -1.641913745725289211e-02
1.288029683212100866e-02 3.110597937240952050e-03 -8.304555245989020396e-02 3.089134092242530643e-05 -5.364716464137899614e-04 4.705404341443742196e-06 5.834240306036614556e-07 3.406717341408913246e-06 -5.861663143938378627e-06 4.016308202779957982e-06 -3.530611868110362022e-06 1.829107351851460042e-06 1.475054656529722247e-06 1.529171678782318597e-07 -1.213064301994913540e-06 2.858646319253107665e-07 8.058649241710955854e-07 2.783693950886950218e-06 9.712731385211271140e-04 2.150492375293642459e-03 -1.199376827267222652e-03 -1.123715682922471785e-03 -8.338564590260683562e-04 -1.113507020519407262e-03 -1.060790065903144093e-03 -4.300630716927078198e-03 -4.798757106014434060e-03 -3.283253265921351211e-03 -1.505975630316331790e-03 -1.693426879238490220e-03
-1.227800328290974852e+00 -8.304555245989020396e-02 8.739494772263014966e+01 2.546962684479639472e-02 -2.155155904224440311e-01 -3.089637253710618165e-04 3.427245334007398983e-04 -6.797290129696832532e-05 2.170804397026788372e-04 -1.903993596676595919e-04 2.202403930134506601e-04 3.343033850849029174e-04 -1.906191158699462051e-04 1.244792059338948676e-04 5.195526212724644113e-04 3.751992234757054942e-04 4.100188248411373447e-04 -3.980503758419546168e-04 3.239100966845908647e-01 1.441742865733190770e+00 -7.270174564460949451e-01 -7.003470371822793084e-01 -5.495992382775840568e-01 -7.261110485800726932e-01 -6.963220203933845331e-01 -9.008318281434016805e-01 -1.657662782428682258e+00 -1.639788391414915170e+00 -1.037168446266047983e+00 -1.400821301504376060e-01
-1.116199727804836591e-03 3.089134092242530643e-05 2.546962684479639472e-02 1.243795573330630923e-04 1.359843396665707128e-04 -7.005346165026068012e-07 -4.813355949080050250e-07 8.029060542852092420e-07 7.489881625410867528e-07 -4.960657089603681950e-07 5.408070757757816349e-08 2.978610782801661938e-07 1.932140894658099974e-07 -4.097091504329022549e-07 -7.484911118339048441e-07 -4.264373057652119635e-07 -1.155270260981689254e-06 -1.495688389658147195e-06 -1.602925761465364611e-04 -6.797382961848940372e-04 5.325926334304153511e-04 5.215234250631553287e-04 4.199786368706567396e-04 5.577545513735548185e-04 5.365490988909816551e-04 -1.889729428404960580e-04 9.649212853219800044e-04 1.015899574589900194e-03 5.378664957383962053e-04 -9.737244951663440748e-05
-5.218184386534521248e-03 -5.364716464137899614e-04 -2.155155904224440311e-01 1.359843396665707128e-04 1.351074077186535877e-03 -1.368015454597584726e-06 -3.043974467102905838e-06 -4.376047873839358961e-08 2.184768381867615211e-06 -1.247914012642907699e-06 1.087304893148508821e-06 -1.794284245182503668e-06 -9.399007927257376505e-08 -3.974329155649606712e-06 -4.638529333320430163e-06 -3.052218844706032388e-06 -5.729406678934659799e-06 -6.311547094814137146e-06 -1.849891807182825129e-03 -8.903581842126995563e-03 4.706756522360399167e-03 4.570472610205959449e-03 3.611864659164579910e-03 4.846701272074924356e-03 4.823671680646257967e-03 1.391411576327826558e-03 7.689686727523108861e-03 9.022298846330904440e-03 5.386368896327191173e-03 1.139646713322425235e-03
3.546577694004996134e-05 4.705404341443742196e-06 -3.089637253710618165e-04 -7.005346165026068012e-07 -1.368015454597584726e-06 2.414814293837145591e-05 9.264844647941837183e-07 -8.925954671818834441e-08 -1.657974034511306130e-07 -2.340774846314000585e-07 2.253778257142187324e-07 -1.670160171306897460e-07 2.222890258725164008e-08 1.942272430552308536e-07 7.902665495425093265e-08 1.105212442399884247e-08 1.671908165695451115e-07 4.682927588913978518e-07 6.773582331792716833e-05 -1.681854094883454597e-03 -1.266727329881294512e-05 -1.255810346878793585e-05 -9.148646618273944300e-06 -1.259363941146148127e-05 -8.080975311225357477e-06 -3.440570511817070008e-05 -2.704207441556797612e-05 -4.655769454642810329e-05 2.101336238180736562e-04 -7.067111025698859922e-05
-1.978612151737204671e-06 5.834240306036612438e-07 3.427245334007398441e-04 -4.813355949080050250e-07 -3.043974467102905838e-06 9.264844647941837183e-07 2.349531787367977538e-05 2.383564409863461783e-07 6.860873056326697292e-08 1.598687144763604589e-07 -5.968884446390327444e-07 1.981476506954842835e-07 -2.098581646734531438e-07 1.563883993972357432e-07 4.586659199364459799e-08 -1.942347159784607403e-08 3.859853940719143130e-07 4.698954594151486987e-08 6.264961742992407171e-05 -2.636319194997025178e-04 -5.189574611703743513e-06 -5.117020203657174753e-06 -5.275373257063697094e-06 -4.972751644183786229e-06 -3.931387102890438486e-06 1.130163864152874395e-04 -1.723739171503988919e-04 4.407747240526143924e-05 8.753082534810706220e-05 1.545918950909466586e-04
-4.416910080497158520e-05 3.406717341408913246e-06 -6.797290129696832532e-05 8.029060542852092420e-07 -4.376047873839358961e-08 -8.925954671818834441e-08 2.383564409863461783e-07 2.389828458111912781e-05 8.445658396363131649e-07 -3.219600659959953675e-08 1.879054878019876628e-07 -3.984466460248450453e-07 2.769319760811231513e-07 5.640794562103280792e-08 1.130877909846332468e-08 1.057204397563761895e-07 5.955289077838035180e-07 2.342053953807166154e-07 7.382131146774177232e-05 1.007715339011340007e-03 2.610194495121081213e-05 2.647844901617631792e-05 2.273267726498302637e-05 3.146984132348325166e-05 2.850961522563168438e-05 2.079681173726740512e-05 2.074495125557773947e-05 -4.162498023703093460e-04 -1.436829042404011002e-04 7.068416079210558523e-05
-6.971099482909819090e-05 -5.861663143938378627e-06 2.170804397026788372e-04 7.489881625410867528e-07 2.184768381867615211e-06 -1.657974034511306130e-07 6.860873056326697292e-08 8.445658396363131649e-07 2.446148458605555616e-05 -7.666650691567644659e-08 1.737095198076128947e-07 -1.791225202493439618e-07 -1.791170201685926651e-07 1.418277841032198735e-08 9.680186292121190844e-08 -6.018504037929566818e-08 3.500357396632939827e-08 2.226149663328263709e-07 -1.764489020856964944e-05 2.484274079956183675e-04 1.877173631465724294e-05 2.336958700504824024e-05 2.184734204149290325e-05 2.707857891859247095e-05 2.674659676470470047e-05 4.607906082457223685e-05 5.322638698083411802e-05 -2.886754833832643613e-04 -5.032587962007580192e-04 -2.102578917182422317e-04
1.451734650368458106e-05 4.016308202779957982e-06 -1.903993596676595919e-04 -4.960657089603681950e-07 -1.247914012642907699e-06 -2.340774846314000585e-07 1.598687144763604589e-07 -3.219600659959953675e-08 -7.666650691567644659e-08 2.499795002368049681e-05 -3.902621315538801543e-08 6.350695798126410172e-08 -1.491811625424631891e-07 4.809332627546341002e-08 -6.315574031529071301e-08 5.689537560343746637e-08 4.784112012397281079e-08 -5.966777168555475010e-08 1.930911978528078253e-05 -2.543218041324286200e-04 -5.447601973019732910e-06 -3.902736494139278004e-06 -4.767118719652296995e-06 -4.147396918678322967e-06 -3.556482046639318496e-06 7.101720000294573832e-05 -1.202972507879430014e-04 8.797525776370699604e-05 9.535718303861541811e-06 -7.013916971298058073e-05
-3.184845597462612320e-05 -3.530611868110362022e-06 2.202403930134506601e-04 5.408070757757816349e-08 1.087304893148508821e-06 2.253778257142187324e-07 -5.968884446390327444e-07 1.879054878019876628e-07 1.737095198076128947e-07 -3.902621315538801543e-08 2.460946970334162144e-05 2.333094912507295040e-07 7.201152548503868087e-08 6.032073108300032662e-08 4.065151709394405415e-08 -3.519151740857836927e-08 7.637380209628260826e-08 -2.116331402190571510e-07 1.311471990752068586e-06 -7.278076953451917375e-05 7.437760988109085676e-06 5.115017608319749509e-06 2.948735153687063330e-06 1.111501579326010465e-05 3.004197888286513907e-06 5.385750167740874488e-05 -4.074390308075353557e-05 2.913603512476825735e-05 7.456602267202383537e-05 -1.368950301426401434e-04
-3.104265359680308879e-05 1.829107351851460042e-06 3.343033850849029174e-04 2.978610782801661938e-07 -1.794284245182503668e-06 -1.670160171306897725e-07 1.981476506954842835e-07 -3.984466460248450453e-07 -1.791225202493439618e-07 6.350695798126410172e-08 2.333094912507295040e-07 2.447602917314508128e-05 4.592727125924560833e-07 2.951524949208030320e-08 -4.525455359644331583e-09 6.250351836583845356e-08 -1.378410560336896647e-07 2.168287393982965392e-08 4.072383364746083106e-06 3.724641925691889242e-04 1.294315181814773053e-05 1.309140280958783838e-05 1.303812183147022340e-05 1.509228340613523861e-05 1.350149369302753293e-05 -8.883543914986591198e-05 -5.815218332459977173e-05 -5.500953983647485345e-05 1.189044514415840784e-05 6.581573266748811366e-05
-1.132530070348577543e-05 1.475054656529722247e-06 -1.906191158699462051e-04 1.932140894658099974e-07 -9.399007927257376505e-08 2.222890258725164008e-08 -2.098581646734531438e-07 2.769319760811231513e-07 -1.791170201685926916e-07 -1.491811625424631891e-07 7.201152548503868087e-08 4.592727125924560833e-07 2.482809708973289723e-05 -1.822519078812891730e-07 3.579928200239596409e-08 -2.699792498679960747e-08 7.504954526028772319e-08 -9.089263957520122080e-08 -1.488064533424303049e-05 1.670356789863108361e-04 1.405297757453332850e-05 1.312882688293222274e-05 1.243341200062298569e-05 1.292761958099515698e-05 1.147707569360662425e-05 3.812778719016268682e-05 5.693364126451280267e-05 -8.079881880761710818e-05 -3.153425914291655064e-05 -7.767902837003054029e-05
3.013343011680477676e-05 1.529171678782314362e-07 1.244792059338948676e-04 -4.097091504329022019e-07 -3.974329155649606712e-06 1.942272430552308800e-07 1.563883993972356902e-07 5.640794562103280792e-08 1.418277841032193276e-08 4.809332627546341664e-08 6.032073108300032662e-08 2.951524949208030320e-08 -1.822519078812892260e-07 1.544695240664537814e-05 1.230671069983977219e-07 -1.371303445205726965e-08 2.412449981865807449e-07 1.818011287403801592e-09 7.054650510003447240e-06 6.592959523884757639e-04 3.624567721727294444e-05 -1.001656206321613832e-05 -7.617539699722824490e-06 -1.170190106557090072e-05 -1.203943967124006512e-05 4.673086740004094041e-04 -1.312952340164732145e-04 -4.176482300119484491e-05 1.433036588018522437e-04 -1.655193658141489570e-05
1.489885091159974009e-05 -1.213064301994913540e-06 5.195526212724644113e-04 -7.484911118339048441e-07 -4.638529333320430163e-06 7.902665495425093265e-08 4.586659199364459799e-08 1.130877909846332468e-08 9.680186292121190844e-08 -6.315574031529071301e-08 4.065151709394405415e-08 -4.525455359644331583e-09 3.579928200239596409e-08 1.230671069983977219e-07 8.837979875615865660e-06 -8.945771583210925033e-08 7.147285691784829102e-08 1.724582824387111449e-07 -2.218440260842343334e-05 1.336745139957993677e-04 -1.173343006254294660e-05 3.568756994170571779e-06 -1.003267491971126613e-05 -1.392166764967538755e-05 -1.176668810806358845e-05 7.081373199356423369e-05 5.628972385824147035e-04 -6.052085623176058597e-05 -2.641300012510596946e-05 1.634836161280152453e-05
1.736361319225380206e-05 2.858646319253107665e-07 3.751992234757054942e-04 -4.264373057652119635e-07 -3.052218844706032388e-06 1.105212442399884247e-08 -1.942347159784607403e-08 1.057204397563762027e-07 -6.018504037929566818e-08 5.689537560343745975e-08 -3.519151740857836927e-08 6.250351836583845356e-08 -2.699792498679961408e-08 -1.371303445205726965e-08 -8.945771583210923709e-08 8.883440329996690552e-06 2.090900513328896935e-07 -2.684219405763543182e-07 -7.946691509492786071e-06 -5.844812923263073934e-06 -1.089520124478692257e-05 -1.060164383756860554e-05 4.987901088380809766e-07 -1.088123923731152350e-05 -1.390768083232472255e-05 3.517687327679282824e-05 -3.024430652840003780e-05 5.818645808753171098e-04 -3.390500131141936516e-05 1.895122560215298372e-06
4.190750496548675336e-05 8.058649241710955854e-07 4.100188248411373447e-04 -1.155270260981689254e-06 -5.729406678934659799e-06 1.671908165695451115e-07 3.859853940719142601e-07 5.955289077838035180e-07 3.500357396632939827e-08 4.784112012397279094e-08 7.637380209628260826e-08 -1.378410560336896647e-07 7.504954526028772319e-08 2.412449981865807449e-07 7.147285691784830425e-08 2.090900513328896935e-07 2.354550084768976723e-05 3.212194267473580766e-07 -6.823983133890484303e-05 -5.254808817867909817e-04 -1.967027513730927404e-05 -1.780807991726659738e-05 -1.632518873186000174e-05 3.786097226643609459e-06 -2.194904156157664874e-05 1.267001077113800880e-04 1.242764014979012004e-05 -1.356457898700503270e-04 1.039559928164217589e-03 7.110125383499491281e-06
9.951127872377618590e-05 2.783693950886948524e-06 -3.980503758419545626e-04 -1.495688389658147195e-06 -6.311547094814137993e-06 4.682927588913978518e-07 4.698954594151481693e-08 2.342053953807165890e-07 2.226149663328263709e-07 -5.966777168555480304e-08 -2.116331402190571510e-07 2.168287393982970686e-08 -9.089263957520122080e-08 1.818011287403801592e-09 1.724582824387111714e-07 -2.684219405763543182e-07 3.212194267473580237e-07 1.154244993014092439e-04 -1.265131178938760036e-04 -1.088684328518188917e-03 -2.557308451561247242e-05 -2.264362787745044761e-05 -2.149951022524533958e-05 -2.726775360772588352e-05 1.183547781041408649e-04 2.395724818702729751e-04 4.487317400032020365e-05 -1.331491325495015179e-05 -6.160160981872828947e-04 6.395490099163484484e-04
7.612212818154069811e-03 9.712731385211271140e-04 3.239100966845908647e-01 -1.602925761465364611e-04 -1.849891807182825129e-03 6.773582331792716833e-05 6.264961742992407171e-05 7.382131146774177232e-05 -1.764489020856964944e-05 1.930911978528078253e-05 1.311471990752068586e-06 4.072383364746083106e-06 -1.488064533424303049e-05 7.054650510003447240e-06 -2.218440260842343334e-05 -7.946691509492786071e-06 -6.823983133890484303e-05 -1.265131178938760036e-04 3.830219954390669257e-02 2.112903552933358131e-01 -6.778054195753503187e-03 -6.868847648806361908e-03 -5.646383739519433148e-03 -7.433867467308984296e-03 -7.521530024589281362e-03 -2.357307400154269941e-02 -1.200154168771369947e-02 -4.163837328038718678e-03 8.082395715664471292e-02 3.982379032571251726e-02
2.032025302139629092e-03 2.150492375293642459e-03 1.441742865733190770e+00 -6.797382961848940372e-04 -8.903581842126995563e-03 -1.681854094883454597e-03 -2.636319194997025178e-04 1.007715339011340007e-03 2.484274079956183675e-04 -2.543218041324286200e-04 -7.278076953451917375e-05 3.724641925691889242e-04 1.670356789863108361e-04 6.592959523884757639e-04 1.336745139957993677e-04 -5.844812923263073934e-06 -5.254808817867909817e-04 -1.088684328518188917e-03 2.112903552933358131e-01 4.098107565873867486e+00 -1.067657541171394657e-02 -1.507263061743763927e-02 -1.242304836321131770e-02 -1.672883470286936486e-02 -1.992423093774851536e-02 -4.864117410157078325e-01 -1.431839995132628274e-01 5.284249550746000432e-03 6.488510577645203448e-01 4.144640983663118727e-01
-2.231151115866715148e-02 -1.199376827267222652e-03 -7.270174564460949451e-01 5.325926334304153511e-04 4.706756522360399167e-03 -1.266727329881294512e-05 -5.189574611703743513e-06 2.610194495121081213e-05 1.877173631465724294e-05 -5.447601973019732910e-06 7.437760988109085676e-06 1.294315181814773053e-05 1.405297757453332681e-05 3.624567721727294444e-05 -1.173343006254294660e-05 -1.089520124478692257e-05 -1.967027513730927404e-05 -2.557308451561247242e-05 -6.778054195753503187e-03 -1.067657541171394657e-02 2.150942170464143974e-02 1.764178566056706296e-02 1.410265720087570777e-02 1.901773823360556129e-02 1.902474092437677830e-02 -1.258884878949300540e-03 3.226128318955678170e-02 3.374783708994551212e-02 2.359772885418156760e-02 5.637933013140563644e-03
-2.240089830044610791e-02 -1.123715682922471785e-03 -7.003470371822793084e-01 5.215234250631553287e-04 4.570472610205959449e-03 -1.255810346878793585e-05 -5.117020203657174753e-06 2.647844901617631792e-05 2.336958700504824024e-05 -3.902736494139278004e-06 5.115017608319749509e-06 1.309140280958783838e-05 1.312882688293222274e-05 -1.001656206321613832e-05 3.568756994170570932e-06 -1.060164383756860554e-05 -1.780807991726659738e-05 -2.264362787745044761e-05 -6.868847648806361908e-03 -1.507263061743763927e-02 1.764178566056706296e-02 1.968995098604794242e-02 1.386177686598524979e-02 1.873143938546072140e-02 1.873436422922741471e-02 3.063030717733813794e-03 3.227838779337399017e-02 3.560842399564264488e-02 2.181092169612068241e-02 4.653253862654476922e-03
-1.817127295992606792e-02 -8.338564590260683562e-04 -5.495992382775840568e-01 4.199786368706567396e-04 3.611864659164579910e-03 -9.148646618273944300e-06 -5.275373257063697094e-06 2.273267726498302637e-05 2.184734204149290325e-05 -4.767118719652296995e-06 2.948735153687063330e-06 1.303812183147022340e-05 1.243341200062298569e-05 -7.617539699722825337e-06 -1.003267491971126613e-05 4.987901088380809766e-07 -1.632518873186000174e-05 -2.149951022524533280e-05 -5.646383739519433148e-03 -1.242304836321131770e-02 1.410265720087570777e-02 1.386177686598524979e-02 1.341763574639012573e-02 1.499233582273779876e-02 1.505921646985581598e-02 1.998830295234972805e-03 3.021020872861263085e-02 2.290138013246459034e-02 1.664247262050776513e-02 3.108471481769119627e-03
-2.527059487775159055e-02 -1.113507020519407262e-03 -7.261110485800726932e-01 5.577545513735548185e-04 4.846701272074924356e-03 -1.259363941146148127e-05 -4.972751644183786229e-06 3.146984132348325166e-05 2.707857891859247095e-05 -4.147396918678322967e-06 1.111501579326010465e-05 1.509228340613523861e-05 1.292761958099515698e-05 -1.170190106557090072e-05 -1.392166764967538755e-05 -1.088123923731152350e-05 3.786097226643609035e-06 -2.726775360772588352e-05 -7.433867467308984296e-03 -1.672883470286936486e-02 1.901773823360556129e-02 1.873143938546072140e-02 1.499233582273779876e-02 2.247268963534669248e-02 2.038878411909223615e-02 6.083036729515926833e-03 3.904248426749162837e-02 3.924435246634044860e-02 2.451854028519642736e-02 6.103835816128880785e-03
-2.721693334237239997e-02 -1.060790065903144093e-03 -6.963220203933845331e-01 5.365490988909816551e-04 4.823671680646257967e-03 -8.080975311225357477e-06 -3.931387102890438486e-06 2.850961522563168438e-05 2.674659676470470047e-05 -3.556482046639318496e-06 3.004197888286513907e-06 1.350149369302753293e-05 1.147707569360662425e-05 -1.203943967124006512e-05 -1.176668810806358845e-05 -1.390768083232472255e-05 -2.194904156157664874e-05 1.183547781041408649e-04 -7.521530024589281362e-03 -1.992423093774851536e-02 1.902474092437677830e-02 1.873436422922741471e-02 1.505921646985581598e-02 2.038878411909223615e-02 2.572990515289171054e-02 5.813098961281652419e-03 3.804437448314629266e-02 3.715788831188827218e-02 2.374779912878094423e-02 5.846352394551327346e-03
1.761963054575606605e-02 -4.300630716927078198e-03 -9.008318281434016805e-01 -1.889729428404960580e-04 1.391411576327826558e-03 -3.440570511817070008e-05 1.130163864152874395e-04 2.079681173726740512e-05 4.607906082457223685e-05 7.101720000294571122e-05 5.385750167740874488e-05 -8.883543914986591198e-05 3.812778719016268682e-05 4.673086740004094041e-04 7.081373199356423369e-05 3.517687327679282824e-05 1.267001077113800609e-04 2.395724818702729751e-04 -2.357307400154269594e-02 -4.864117410157078325e-01 -1.258884878949300106e-03 3.063030717733813794e-03 1.998830295234972805e-03 6.083036729515926833e-03 5.813098961281652419e-03 4.620014403192744368e+00 7.881138899053443878e-03 -2.655549145066232741e-02 -9.467371769845835117e-02 -2.905432143745700219e-02
-3.324618755663812791e-02 -4.798757106014434060e-03 -1.657662782428682258e+00 9.649212853219800044e-04 7.689686727523108861e-03 -2.704207441556797612e-05 -1.723739171503988919e-04 2.074495125557774625e-05 5.322638698083411802e-05 -1.202972507879430014e-04 -4.074390308075353557e-05 -5.815218332459977173e-05 5.693364126451280267e-05 -1.312952340164732145e-04 5.628972385824147035e-04 -3.024430652840003780e-05 1.242764014979012004e-05 4.487317400032020365e-05 -1.200154168771369947e-02 -1.431839995132628274e-01 3.226128318955678170e-02 3.227838779337399017e-02 3.021020872861263085e-02 3.904248426749162837e-02 3.804437448314629266e-02 7.881138899053443878e-03 3.906175378125933406e+00 2.038776408331176571e-01 3.551675572137955039e-02 -2.304467142011144831e-02
-3.576564360992119662e-02 -3.283253265921351211e-03 -1.639788391414915170e+00 1.015899574589900194e-03 9.022298846330904440e-03 -4.655769454642810329e-05 4.407747240526143924e-05 -4.162498023703093460e-04 -2.886754833832643613e-04 8.797525776370699604e-05 2.913603512476825735e-05 -5.500953983647483990e-05 -8.079881880761710818e-05 -4.176482300119484491e-05 -6.052085623176058597e-05 5.818645808753171098e-04 -1.356457898700503270e-04 -1.331491325495016704e-05 -4.163837328038718678e-03 5.284249550746000432e-03 3.374783708994551212e-02 3.560842399564264488e-02 2.290138013246459034e-02 3.924435246634044860e-02 3.715788831188827218e-02 -2.655549145066232741e-02 2.038776408331176571e-01 5.115134717966226319e+00 2.197899222377487083e-01 4.116467502223721681e-02
-2.060858785082824232e-02 -1.505975630316331790e-03 -1.037168446266047983e+00 5.378664957383962053e-04 5.386368896327191173e-03 2.101336238180736562e-04 8.753082534810704865e-05 -1.436829042404011002e-04 -5.032587962007580192e-04 9.535718303861526565e-06 7.456602267202384893e-05 1.189044514415839429e-05 -3.153425914291654386e-05 1.433036588018522437e-04 -2.641300012510596946e-05 -3.390500131141935839e-05 1.039559928164217589e-03 -6.160160981872828947e-04 8.082395715664471292e-02 6.488510577645203448e-01 2.359772885418156760e-02 2.181092169612068241e-02 1.664247262050776513e-02 2.451854028519642736e-02 2.374779912878094423e-02 -9.467371769845835117e-02 3.551675572137955039e-02 2.197899222377487083e-01 7.210768294981553694e+00 1.856253788383267211e-01
-1.641913745725289211e-02 -1.693426879238490003e-03 -1.400821301504376060e-01 -9.737244951663440748e-05 1.139646713322425235e-03 -7.067111025698861277e-05 1.545918950909466586e-04 7.068416079210558523e-05 -2.102578917182422317e-04 -7.013916971298058073e-05 -1.368950301426401434e-04 6.581573266748812722e-05 -7.767902837003055384e-05 -1.655193658141489570e-05 1.634836161280151776e-05 1.895122560215305148e-06 7.110125383499481117e-06 6.395490099163484484e-04 3.982379032571251726e-02 4.144640983663118727e-01 5.637933013140563644e-03 4.653253862654476922e-03 3.108471481769119627e-03 6.103835816128880785e-03 5.846352394551327346e-03 -2.905432143745699872e-02 -2.304467142011144831e-02 4.116467502223721681e-02 1.856253788383267211e-01 8.146342483041495441e+00
