# logA ns H0 omegabh2 omegach2 omegam_growth DES_DZ_S1 DES_DZ_S2 DES_DZ_S3 DES_DZ_S4 DES_M1 DES_M2 DES_M3 DES_M4 DES_A1_1 DES_A1_2
1.051592170045701456e-02 1.241322417904967737e-04 -5.274327663769182856e-02 3.997396840121494402e-07 -6.233429266314036979e-04 -6.183570654134444523e-04 5.323368307546221321e-07 -2.565178871408455201e-07 -2.006676536830995607e-05 -9.670701245486446545e-06 1.903655438737502703e-06 1.175114945972722435e-05 -1.685559333915377005e-05 -7.521013091230081910e-06 1.880649013511009448e-03 3.869753549298031187e-03
1.241322417904967737e-04 4.987036771816784342e-04 -2.636244233428879785e-03 -1.818994684266377140e-08 -2.427398999306993319e-05 3.644033131209350734e-06 -7.516139676338344192e-07 4.892229850212843080e-07 1.446977366746603776e-06 1.116874165688196947e-06 6.968045797069564946e-07 1.242930700894879216e-07 -1.186129160910515596e-06 5.942101609829810700e-07 6.101421027403935993e-04 9.995155698255650707e-04
-5.274327663769182856e-02 -2.636244233428879785e-03 1.202636640389311173e+00 2.025140643467579764e-04 6.113246831946274155e-03 -4.116838758488851856e-03 8.239161904807733701e-06 7.336877737204700792e-06 1.976975095359521288e-05 -6.751041217742730311e-05 -6.199768603808306826e-05 -3.340625878211529601e-05 -1.127965576919907957e-04 -8.020772308875494206e-05 9.900940211259227908e-02 -5.867065777696520851e-02
3.997396840121494402e-07 -1.818994684266377140e-08 2.025140643467579764e-04 2.787881489255969229e-07 4.072195222909888279e-07 1.742848289832305115e-07 -9.253486913579296279e-09 3.980700055914602987e-08 4.192618059511936540e-08 -2.501358347153766416e-08 2.807043290304935161e-08 -5.156064309909465544e-09 -1.203556253313816282e-08 -3.833547154678711578e-09 1.885467722129168716e-06 -1.805863585244155681e-05
-6.233429266314035894e-04 -2.427398999306993319e-05 6.113246831946275023e-03 4.072195222909887750e-07 5.767880061176025667e-05 -4.119476604398851586e-05 1.785873610327269135e-07 -1.922359260334734165e-07 -7.540052005495542534e-07 -6.349023290728305716e-07 3.365457455780039438e-08 -5.875728375423108668e-07 -6.970639958422454203e-07 -7.609097173151343543e-07 9.830177287507891899e-04 -8.851350414819684695e-04
-6.183570654134444523e-04 3.644033131209352851e-06 -4.116838758488852723e-03 1.742848289832307497e-07 -4.119476604398851586e-05 2.065931837960106269e-03 2.424890833933290926e-06 7.010186579467835824e-08 -1.402676490020569120e-06 -2.814008752123540665e-06 -2.075880785436450633e-06 -2.422368551191749032e-06 -4.248733175811202856e-06 1.076808433576759979e-06 -6.083986297901217144e-03 -3.185531646695746993e-03
5.323368307546200145e-07 -7.516139676338353721e-07 8.239161904807742171e-06 -9.253486913579248302e-09 1.785873610327269135e-07 2.424890833933290926e-06 2.388595382883116410e-05 7.321581359994987956e-07 1.783671872197893417e-07 -2.799076317729987792e-07 -3.909925322985680055e-07 2.551154250974422450e-07 1.932814989663373810e-07 3.900719173744850091e-08 2.292967020574006667e-04 -5.377525211745383784e-04
-2.565178871408394850e-07 4.892229850212870608e-07 7.336877737204805824e-06 3.980700055914606296e-08 -1.922359260334734165e-07 7.010186579467781561e-08 7.321581359994987956e-07 2.370478223205709802e-05 2.804135735589812337e-07 2.057362963383799200e-07 3.340197128343306659e-07 -1.286841255931176089e-07 4.001823859944346233e-07 4.081522654732582942e-07 1.902775269500658927e-04 -2.742948524197639658e-04
-2.006676536830996624e-05 1.446977366746603776e-06 1.976975095359523660e-05 4.192618059511933232e-08 -7.540052005495542534e-07 -1.402676490020569120e-06 1.783671872197893417e-07 2.804135735589812337e-07 2.470668270823962528e-05 5.953081215707964068e-07 8.398328735829702832e-08 -3.168192562581236575e-07 -3.010235132334102681e-07 5.134544577357238214e-07 -1.000008561937307597e-04 1.130335570040313454e-04
-9.670701245486444851e-06 1.116874165688199700e-06 -6.751041217742727600e-05 -2.501358347153771379e-08 -6.349023290728305716e-07 -2.814008752123540665e-06 -2.799076317729987792e-07 2.057362963383799200e-07 5.953081215707964068e-07 2.465142542425618840e-05 -8.093830289665273638e-08 9.029636130247591806e-08 3.180907271061293786e-08 -2.252135394131715175e-07 -9.602651590914192332e-05 4.838083520155457139e-05
1.903655438737502491e-06 6.968045797069551182e-07 -6.199768603808298694e-05 2.807043290304933507e-08 3.365457455780046717e-08 -2.075880785436450633e-06 -3.909925322985680055e-07 3.340197128343306659e-07 8.398328735829701508e-08 -8.093830289665273638e-08 2.516177363834204344e-05 6.141166607286869300e-09 3.563303600412994446e-08 3.379236657465402749e-07 9.102394485004463871e-05 -1.687889437886087179e-04
1.175114945972722773e-05 1.242930700894886363e-07 -3.340625878211533667e-05 -5.156064309909435765e-09 -5.875728375423108668e-07 -2.422368551191749032e-06 2.551154250974422450e-07 -1.286841255931176089e-07 -3.168192562581236575e-07 9.029636130247591806e-08 6.141166607286869300e-09 2.480562114909654788e-05 -2.408064377566576448e-07 2.619058855536373003e-07 5.147872632281933684e-05 -1.121915665485595959e-04
-1.685559333915376327e-05 -1.186129160910516020e-06 -1.127965576919907686e-04 -1.203556253313818433e-08 -6.970639958422454203e-07 -4.248733175811202856e-06 1.932814989663373810e-07 4.001823859944346233e-07 -3.010235132334102681e-07 3.180907271061293786e-08 3.563303600412992461e-08 -2.408064377566576448e-07 2.485470817343639574e-05 -1.253626620392808622e-07 -1.128979834776190725e-04 1.085894579036875016e-04
-7.521013091230085298e-06 5.942101609829808583e-07 -8.020772308875491496e-05 -3.833547154678682627e-09 -7.609097173151343543e-07 1.076808433576759979e-06 3.900719173744850091e-08 4.081522654732582942e-07 5.134544577357238214e-07 -2.252135394131715175e-07 3.379236657465402749e-07 2.619058855536373003e-07 -1.253626620392808622e-07 2.465889004291497305e-05 7.916351497704347549e-06 3.336367451308747557e-04
1.880649013511009882e-03 6.101421027403937077e-04 9.900940211259227908e-02 1.885467722129165116e-06 9.830177287507891899e-04 -6.083986297901217144e-03 2.292967020574006667e-04 1.902775269500658927e-04 -1.000008561937307597e-04 -9.602651590914192332e-05 9.102394485004463871e-05 5.147872632281933684e-05 -1.128979834776190725e-04 7.916351497704349243e-06 3.356935413923991529e-01 7.286239341126300451e-01
3.869753549298028585e-03 9.995155698255652876e-04 -5.867065777696522239e-02 -1.805863585244157714e-05 -8.851350414819684695e-04 -3.185531646695746993e-03 -5.377525211745382699e-04 -2.742948524197639658e-04 1.130335570040313589e-04 4.838083520155457139e-05 -1.687889437886087179e-04 -1.121915665485595959e-04 1.085894579036875016e-04 3.336367451308747557e-04 7.286239341126300451e-01 6.883583764648076198e+00
