# As_1e9 ns H0 omegab omegam w DES_DZ_S1 DES_DZ_S2 DES_DZ_S3 DES_DZ_S4 DES_M1 DES_M2 DES_M3 DES_M4 DES_A1_1 DES_A1_2
1.100806445342749074e+00 1.250502740819657566e-02 2.502455704811635817e-01 -1.925555930238155187e-03 -5.565574555668343498e-02 9.831365828573415677e-02 2.556078591330679720e-05 1.162297636123550037e-04 -2.209546854636121262e-05 -1.354259136249842590e-04 -3.302709777547568459e-05 3.590952117826714000e-05 -1.062537821911389610e-05 -1.069464055244302546e-04 -2.721441707835959845e-01 2.049181255545785008e-01
1.250502740819657566e-02 3.219575024027532262e-03 -5.609947449373519496e-02 1.245623063886353635e-05 -7.812691450869572226e-04 -5.946112628704353260e-03 3.596686130046296801e-06 -1.106873981668219315e-06 2.322167862339467586e-06 3.277106585700202110e-07 4.916176568597324840e-07 4.391713793766131961e-07 2.290045012164141757e-06 9.795080802485588382e-07 5.725325052492935611e-05 3.904379387257474274e-03
2.502455704811635817e-01 -5.609947449373519496e-02 1.024410370895680558e+02 5.120341873613904783e-03 -3.629485599436740872e-01 -3.384166269317270825e-01 7.024017066169788636e-04 4.577893757179806573e-04 2.428157476833513336e-04 -3.014715888558540933e-04 1.203243143180370879e-04 4.252157577787373834e-04 1.424806677972734843e-04 -5.199293231853717228e-04 -1.007052618575690062e+00 1.546258335997768407e+00
-1.925555930238155187e-03 1.245623063886353635e-05 5.120341873613904783e-03 1.272366568120149050e-04 2.607996438446814349e-04 3.015356305242943621e-04 -2.617708458168011656e-07 -9.490787019224301807e-08 -3.959122156008225362e-07 4.966081342618962399e-07 1.534345991629680257e-07 -5.733535405095155029e-08 -2.299205454851478368e-07 2.693720746537305148e-08 1.024715881415674866e-03 -1.353904234200282389e-03
-5.565574555668342110e-02 -7.812691450869574394e-04 -3.629485599436741983e-01 2.607996438446814891e-04 5.680022227279579554e-03 1.430052620556452117e-02 -6.517930439223640286e-06 -1.001671627336066346e-05 -3.453291546276220062e-06 7.905091762519151046e-06 6.915459056118657275e-07 -5.156245035269292805e-06 -2.118484366236032041e-06 9.395764849107221423e-06 2.035230931647696168e-02 -3.068668879576859007e-02
9.831365828573415677e-02 -5.946112628704354128e-03 -3.384166269317270825e-01 3.015356305242943079e-04 1.430052620556452117e-02 5.306637985669613311e-01 -9.735355203900320192e-05 -5.219739180797292218e-05 7.654962347972344480e-05 2.140729531453069637e-05 -2.213883942815579053e-05 -2.078446318431808552e-05 4.457229241038661413e-05 6.412743736476029838e-05 -6.056574068718427462e-02 -1.873395169176708397e-01
2.556078591330680397e-05 3.596686130046296378e-06 7.024017066169785384e-04 -2.617708458168010068e-07 -6.517930439223640286e-06 -9.735355203900320192e-05 2.422677462723028140e-05 6.569961094798550575e-07 -9.780255058824884527e-08 7.852042057306054335e-08 -1.125926996610590033e-07 1.997800820819042339e-07 3.038564647419016467e-08 2.185991323039044100e-08 4.490658304784811883e-04 -6.449050816073308981e-04
1.162297636123550850e-04 -1.106873981668220162e-06 4.577893757179809283e-04 -9.490787019224304454e-08 -1.001671627336066177e-05 -5.219739180797292218e-05 6.569961094798550575e-07 2.413601005346768899e-05 1.146920967423279056e-07 2.672295202311574591e-08 7.447017154823728678e-08 -4.021885746496730982e-07 -4.274236408331180826e-08 1.641376788364111147e-08 2.765357834339542196e-04 -4.243349152184951265e-05
-2.209546854636122956e-05 2.322167862339468856e-06 2.428157476833514420e-04 -3.959122156008226950e-07 -3.453291546276220062e-06 7.654962347972344480e-05 -9.780255058824884527e-08 1.146920967423278659e-07 2.481339788062459387e-05 3.210542737410402422e-07 -4.856647950787502271e-08 1.355266526313027626e-07 -3.298282303398654794e-07 2.293838277257852024e-07 -3.636046707023181846e-04 1.591604995434047029e-04
-1.354259136249843403e-04 3.277106585700181463e-07 -3.014715888558539849e-04 4.966081342618965575e-07 7.905091762519151046e-06 2.140729531453069637e-05 7.852042057306054335e-08 2.672295202311576576e-08 3.210542737410402422e-07 2.486948648327687544e-05 -1.312596812654647509e-08 -3.205376734485350207e-08 1.931061909367256993e-07 -2.299904037663483105e-07 -3.956832468064757280e-05 1.180451904704842730e-04
-3.302709777547568459e-05 4.916176568597318487e-07 1.203243143180373454e-04 1.534345991629679992e-07 6.915459056118657275e-07 -2.213883942815579053e-05 -1.125926996610590033e-07 7.447017154823727354e-08 -4.856647950787502271e-08 -1.312596812654647509e-08 2.486583402459008611e-05 1.051420183458110361e-07 5.705438347184887229e-09 2.271328772152726661e-08 1.445359314756813614e-04 -1.177229230637953709e-04
3.590952117826713322e-05 4.391713793766116609e-07 4.252157577787376002e-04 -5.733535405095145764e-08 -5.156245035269292805e-06 -2.078446318431808552e-05 1.997800820819042339e-07 -4.021885746496730982e-07 1.355266526313027626e-07 -3.205376734485350207e-08 1.051420183458110361e-07 2.499286760444415680e-05 4.632994419160079220e-08 3.257202042133455830e-08 5.619229126400529176e-05 -6.423350448211875147e-05
-1.062537821911388763e-05 2.290045012164140910e-06 1.424806677972732946e-04 -2.299205454851477838e-07 -2.118484366236031194e-06 4.457229241038661413e-05 3.038564647419016467e-08 -4.274236408331180826e-08 -3.298282303398654794e-07 1.931061909367256993e-07 5.705438347184887229e-09 4.632994419160079220e-08 2.493506602333352983e-05 1.814618127464070149e-07 -1.992722392504189138e-04 1.397221819572170632e-04
-1.069464055244302275e-04 9.795080802485584147e-07 -5.199293231853717228e-04 2.693720746537287612e-08 9.395764849107221423e-06 6.412743736476029838e-05 2.185991323039044100e-08 1.641376788364112140e-08 2.293838277257852024e-07 -2.299904037663483105e-07 2.271328772152726330e-08 3.257202042133455830e-08 1.814618127464070149e-07 2.489347090323328789e-05 -1.476611008200915887e-07 7.062918934226101759e-05
-2.721441707835959845e-01 5.725325052493144320e-05 -1.007052618575690062e+00 1.024715881415674866e-03 2.035230931647696168e-02 -6.056574068718427462e-02 4.490658304784811883e-04 2.765357834339542196e-04 -3.636046707023181846e-04 -3.956832468064758635e-05 1.445359314756813614e-04 5.619229126400529176e-05 -1.992722392504189138e-04 -1.476611008200915887e-07 1.056938107570953411e+00 3.225350205412507165e-01
2.049181255545783897e-01 3.904379387257473841e-03 1.546258335997768407e+00 -1.353904234200283040e-03 -3.068668879576859007e-02 -1.873395169176708397e-01 -6.449050816073308981e-04 -4.243349152184953298e-05 1.591604995434046758e-04 1.180451904704843001e-04 -1.177229230637953709e-04 -6.423350448211875147e-05 1.397221819572170632e-04 7.062918934226101759e-05 3.225350205412507165e-01 6.944774196530205224e+00
