# As_1e9 ns H0 omegab omegam w DES_DZ_S1 DES_DZ_S2 DES_DZ_S3 DES_DZ_S4 DES_M1 DES_M2 DES_M3 DES_M4 DES_DZ_L1 DES_DZ_L2 DES_DZ_L3 DES_DZ_L4 DES_DZ_L5 DES_A1_1 DES_A1_2 DES_B1_1 DES_B1_2 DES_B1_3 DES_B1_4 DES_B1_5 DES_PM1 DES_PM2 DES_PM3 DES_PM4 DES_PM5
1.613251268275058270e-01 1.469217466336085465e-02 -1.118634557343420877e+00 -1.442525945401111837e-03 -7.012514629221188248e-03 -6.097344171407163838e-03 -2.066371992048004352e-05 1.076828990326259567e-05 -7.837839537558588228e-05 -6.216771708066804087e-05 -2.131803365938367213e-05 1.008948637283294661e-05 -6.821873674304020823e-05 -1.278563795937553479e-05 3.473968434182968517e-05 2.045247758143022005e-05 1.674566378725681241e-05 7.328431643538025708e-05 7.789227551711181644e-05 2.116960259205568490e-02 3.893017926147952779e-02 -2.738041069567055327e-02 -2.542309275562337420e-02 -2.119979058807622968e-02 -2.912777183684028132e-02 -3.136356422538385397e-02 1.447903728486587237e-02 -5.422299320532311673e-02 -5.458271792165796110e-02 -2.984607947687068288e-02 -5.835286496949473184e-03
1.469217466336085465e-02 3.110322184262393104e-03 -1.016618287170049650e-01 -2.995308911925634649e-05 -5.944311067941978081e-04 -1.291234131414008952e-04 -1.143300049333290729e-06 -9.952109536143488064e-07 -1.321338638186916383e-06 -2.115565379702915377e-06 -2.612953965990856169e-06 1.472957038462456621e-06 -2.436634828856205274e-06 3.382345301737942413e-06 2.288885377600647596e-06 3.821394338970159385e-08 5.047536486381777189e-07 3.242322414107935774e-06 -1.031410703099382243e-05 1.871584814449609889e-03 6.097022908072480610e-03 -1.457830562044654978e-03 -1.251015694828284388e-03 -9.619069457165126992e-04 -1.277986532935203616e-03 -1.220129165604109771e-03 -4.055120266092990255e-03 -5.880362495850549077e-03 -3.439373780783275616e-03 -2.533125701477996570e-03 6.475289207020009112e-05
-1.118634557343420877e+00 -1.016618287170049650e-01 8.758611645096230802e+01 2.194880037808340581e-02 -2.138679697791033008e-01 -1.315729398266878188e-02 4.117691967691657203e-04 -2.003123578401758826e-04 -6.165424733513738651e-05 -1.243607581845369988e-04 7.691573007995610627e-04 7.794647569752680209e-06 -1.315855800827751170e-04 -6.480456474055514568e-04 4.669058841901642712e-04 1.800929230655182775e-04 2.325908356013228837e-04 8.568243085422311061e-04 -2.040580095218603681e-04 5.526293500176407969e-01 1.909822425990055139e+00 -7.459442751673522887e-01 -7.171203441813468471e-01 -5.484591310529575159e-01 -7.165869929030794783e-01 -6.985366306239645384e-01 -2.120856970092776794e-01 -1.200480397356278761e+00 -2.013944434662642280e+00 -1.118258071458586578e+00 1.007815705137407314e-01
-1.442525945401111837e-03 -2.995308911925634649e-05 2.194880037808340581e-02 1.217778302377113672e-04 2.058738659640582181e-04 1.075908831450512809e-03 4.288758818758710841e-07 1.292280184145101410e-07 1.143719243594805786e-06 1.528772739720877323e-06 4.002122997146281814e-07 1.340627350923969668e-07 -2.316686979711559054e-07 1.541779257198900314e-07 -4.280728280568001063e-07 -4.948624192259971376e-07 -1.607394251145846855e-07 -3.265965813137280450e-07 -2.902108003246465458e-06 -7.706960036677430520e-04 -2.034223734240533758e-03 3.598487340873212726e-04 2.854623971850475997e-04 2.139603495309525666e-04 2.872437626645116368e-04 2.855246564128110414e-04 -5.334020502561700886e-04 1.142790609369009978e-03 1.572267277451300455e-03 9.390456816881447401e-04 2.468833350371645030e-04
-7.012514629221188248e-03 -5.944311067941978081e-04 -2.138679697791033008e-01 2.058738659640582181e-04 1.734359343334460242e-03 8.563883840036179071e-03 -5.074251185181878212e-07 -2.339949877809481028e-07 6.086780852507222281e-06 6.252826885769638373e-06 -8.542831012765031288e-07 -1.730740141594622033e-06 2.211414335394649726e-06 2.098761088808208355e-06 -8.002648254621917175e-06 -4.370508473743277815e-06 -1.645490586765915680e-06 -6.202485803227377283e-06 -5.745466978229464348e-06 -6.264824150265964169e-03 -1.657989510607431674e-02 2.961649171047046978e-03 2.416980758162793827e-03 1.756105014928660080e-03 2.390933226526893197e-03 2.567365102002818790e-03 -6.960294639870854769e-03 7.156381714253816535e-03 1.386199654437602138e-02 7.644075199398441510e-03 3.698099908833613883e-04
-6.097344171407163838e-03 -1.291234131414008952e-04 -1.315729398266878188e-02 1.075908831450512809e-03 8.563883840036179071e-03 2.330673299538918997e-01 -4.454490981922714493e-05 -2.170507734179871629e-05 9.288378489747839038e-05 4.648554184165271547e-05 -8.582589149736110723e-06 -3.556045743610583809e-05 2.679642675905303186e-05 1.485828088809227474e-05 -9.650181028631168371e-05 -4.116381621546100840e-05 1.575623174865479500e-05 6.120534780150533650e-05 3.930920316791569071e-05 -7.151862778673499788e-02 -8.495212641566951550e-02 -5.651371616020160055e-02 -6.319136305543970877e-02 -5.322926675628281840e-02 -6.861255881996145001e-02 -6.429230234665664345e-02 -1.860637654935685115e-01 -5.487258257741581616e-03 6.518583752574115542e-02 3.990567317878657844e-02 2.060464106404023366e-04
-2.066371992048004352e-05 -1.143300049333290729e-06 4.117691967691657203e-04 4.288758818758710841e-07 -5.074251185181878212e-07 -4.454490981922714493e-05 2.404175831797869515e-05 1.161781102215850562e-06 2.168342826375317275e-08 -5.322635090595653154e-09 -3.054897644815415744e-07 3.489649420482967100e-07 -2.712528720287375309e-08 8.352406708567883070e-08 7.768470567076188276e-08 -1.462311056842805606e-07 -4.313489890688130029e-08 1.621799947284917634e-07 2.796949143509414432e-07 8.126622541802229233e-05 -1.802486664318262138e-03 9.133146795206838122e-06 5.909033333554742405e-06 7.876144483147873708e-06 1.279465194168656734e-05 1.552955517283338804e-05 -1.040037723584196931e-04 -1.045770263236793594e-04 4.140682926651508220e-06 5.198054265825158672e-05 7.304754797914888079e-05
1.076828990326260075e-05 -9.952109536143488064e-07 -2.003123578401758826e-04 1.292280184145101675e-07 -2.339949877809481028e-07 -2.170507734179871629e-05 1.161781102215850562e-06 2.285907975456808494e-05 3.028384781351037818e-07 8.122620502251028906e-08 1.702399881551542052e-07 -2.390593614529972264e-07 3.481973903988575608e-07 -2.982081615678620921e-08 -1.449723761719192831e-07 8.317747179586820550e-08 1.226658403916729019e-07 7.347806196733940663e-08 5.015997050433171924e-08 8.261805366045268256e-05 -3.526501568503886681e-04 1.006385821528310387e-05 9.647972914147607770e-06 7.198969874111206752e-06 7.506705759546809621e-06 3.698396838862060365e-06 2.282475569854145353e-05 -7.623527507253100098e-05 -9.499059317175160937e-05 1.275234702941349804e-04 1.431418338088535360e-04
-7.837839537558588228e-05 -1.321338638186916383e-06 -6.165424733513738651e-05 1.143719243594805574e-06 6.086780852507222281e-06 9.288378489747839038e-05 2.168342826375317275e-08 3.028384781351037818e-07 2.330546236544365940e-05 8.116136675861589894e-07 -6.065681923524965369e-08 2.082092705532878919e-08 -5.635617880540080643e-07 5.367756523980672331e-07 8.511770210306964170e-08 -1.291530191732534471e-08 -3.360747976669328331e-08 6.617600491025450745e-07 -1.321614251645877765e-06 4.557932571046974951e-05 8.713633125919291195e-04 1.670054932428892316e-05 1.069496632341833518e-05 7.232208851465594531e-06 8.377434764991645126e-06 1.103041623214818915e-05 -1.463632440564155574e-05 -2.881509290286918913e-05 -4.462852242827702398e-04 -2.333555221488632138e-04 1.445955957892039969e-05
-6.216771708066804087e-05 -2.115565379702915377e-06 -1.243607581845369988e-04 1.528772739720877323e-06 6.252826885769638373e-06 4.648554184165271547e-05 -5.322635090595640746e-09 8.122620502251028906e-08 8.116136675861589894e-07 2.439946548819030891e-05 8.701706261085336504e-08 -1.303199762707652623e-07 2.443625636389260896e-07 -2.855522833723541310e-07 3.332394962538311405e-08 -8.118761531534747295e-08 3.694883123609516553e-08 2.677775573992144351e-08 9.924663393284046264e-07 -2.815279766656890613e-05 4.113292723255011166e-05 2.250922686582579183e-05 1.516023058180092386e-05 1.569904298408047070e-05 2.321791335252533007e-05 1.961519374197026936e-05 3.493358216040260669e-05 8.991393634008972360e-05 -8.550147227197100834e-05 -4.305181385159856963e-04 -2.133034496484746776e-04
-2.131803365938367213e-05 -2.612953965990856169e-06 7.691573007995610627e-04 4.002122997146281814e-07 -8.542831012765031288e-07 -8.582589149736107335e-06 -3.054897644815415744e-07 1.702399881551542052e-07 -6.065681923524965369e-08 8.701706261085333857e-08 2.480032082042454402e-05 1.393378309656909759e-08 3.092145913772836470e-07 4.882969842458189302e-08 -1.123525309139414588e-07 -2.248098425250055744e-08 9.759059702848253908e-08 -1.002880513122483107e-07 9.275266018035207586e-08 2.485177297319790662e-05 -2.011030442648643998e-04 2.677591165997334524e-07 -1.302451047013835667e-08 2.570283235697099268e-06 -1.630829102791754383e-07 -1.346553678695605531e-06 9.472089157580202519e-05 9.519017978707391557e-05 -1.428102903100047275e-05 -3.883358291625045133e-05 1.794569951376158499e-04
1.008948637283294661e-05 1.472957038462456621e-06 7.794647569752680209e-06 1.340627350923969668e-07 -1.730740141594622033e-06 -3.556045743610583809e-05 3.489649420482967100e-07 -2.390593614529972264e-07 2.082092705532878919e-08 -1.303199762707652623e-07 1.393378309656909759e-08 2.453576564273045779e-05 8.991940074174767288e-08 1.671593622261582050e-07 8.702447780926375684e-08 -5.221279160686326858e-08 -1.621711955749062978e-07 1.609231950749458825e-07 1.967783898272417298e-07 3.192265886886459493e-05 -1.848439930753964847e-04 9.365727523164002477e-06 7.140370183649655009e-06 9.418891790168324729e-06 8.992299729741876814e-06 1.272623289927063744e-05 -2.280360045768708342e-05 3.949744579279639299e-05 -1.422553442868499338e-07 -4.291223014806186159e-05 5.397760720212183656e-05
-6.821873674304020823e-05 -2.436634828856205274e-06 -1.315855800827751170e-04 -2.316686979711559054e-07 2.211414335394649726e-06 2.679642675905303186e-05 -2.712528720287376633e-08 3.481973903988575608e-07 -5.635617880540080643e-07 2.443625636389260896e-07 3.092145913772836999e-07 8.991940074174767288e-08 2.464019132282533077e-05 3.251993362741387198e-07 -5.693125175348579409e-08 3.208183820042740792e-08 3.230879021279183627e-08 -1.204948879206665918e-08 -6.851348224754896640e-08 -2.047943384320336161e-05 2.865392949465909566e-04 2.171766210906939329e-05 2.061210730324530783e-05 1.778377266898685294e-05 2.023260917172369687e-05 2.492637058529226558e-05 -1.544518723949621131e-05 6.356040851302141589e-06 6.681529917990883683e-05 1.357676826447429144e-04 -4.935455196549028236e-06
-1.278563795937553479e-05 3.382345301737942413e-06 -6.480456474055514568e-04 1.541779257198900314e-07 2.098761088808208355e-06 1.485828088809227474e-05 8.352406708567883070e-08 -2.982081615678620921e-08 5.367756523980672331e-07 -2.855522833723541310e-07 4.882969842458189302e-08 1.671593622261582050e-07 3.251993362741387198e-07 2.473262356329260773e-05 1.526628054225885781e-07 -8.715179771789208391e-08 2.129980022490871242e-08 8.101876195365417140e-08 -2.733921269152449052e-07 -2.045011770407417122e-05 5.619369623531080725e-05 1.977997048291518247e-05 1.605404918110765825e-05 1.341157801291109820e-05 1.632137149688400431e-05 1.590181834761244856e-05 2.005273240328900446e-05 -3.271679460319593979e-06 7.227229051218821447e-05 -6.676238707335495814e-05 -8.838649600521821144e-05
3.473968434182968517e-05 2.288885377600647596e-06 4.669058841901642712e-04 -4.280728280568000533e-07 -8.002648254621917175e-06 -9.650181028631168371e-05 7.768470567076188276e-08 -1.449723761719193360e-07 8.511770210306961523e-08 3.332394962538311405e-08 -1.123525309139414588e-07 8.702447780926374361e-08 -5.693125175348579409e-08 1.526628054225885516e-07 1.530962179362553181e-05 4.310079303729871216e-08 4.264781772847329931e-08 -1.583011976207683274e-07 -1.002903129314747473e-07 4.223103426295155531e-05 6.221356125062367081e-04 6.452040775360228474e-05 1.449253841593006320e-05 1.334978603325086333e-05 1.823661746276730687e-05 1.405488507839899167e-05 4.667571007436111972e-04 -1.311202694489035426e-04 -1.415033392563443072e-04 -3.859455239640480580e-05 7.429719487304802027e-05
2.045247758143022005e-05 3.821394338970159385e-08 1.800929230655182775e-04 -4.948624192259971376e-07 -4.370508473743277815e-06 -4.116381621546100840e-05 -1.462311056842805606e-07 8.317747179586820550e-08 -1.291530191732534471e-08 -8.118761531534745971e-08 -2.248098425250056406e-08 -5.221279160686326858e-08 3.208183820042740792e-08 -8.715179771789208391e-08 4.310079303729871216e-08 8.893473577278515266e-06 2.127174301439943533e-09 -6.104391294499067868e-08 -2.487881390257242504e-07 -4.338702149029738188e-06 3.233077373170045970e-04 7.308774804718115262e-06 2.182619938900160400e-05 5.756235830027013363e-06 4.970179055036552238e-06 3.713047380605418696e-06 5.367202965504151490e-05 4.849965878598095671e-04 1.495486316916868012e-05 -6.350569639531212628e-05 -5.930491080830717453e-06
1.674566378725681241e-05 5.047536486381776130e-07 2.325908356013229380e-04 -1.607394251145846855e-07 -1.645490586765915680e-06 1.575623174865479500e-05 -4.313489890688131352e-08 1.226658403916729284e-07 -3.360747976669328331e-08 3.694883123609517877e-08 9.759059702848256555e-08 -1.621711955749062978e-07 3.230879021279183627e-08 2.129980022490871242e-08 4.264781772847329931e-08 2.127174301439934434e-09 8.862277122655419338e-06 1.080256615525388401e-07 -2.073481031013425039e-08 -1.280553231869140183e-05 -4.735228999351242212e-05 -1.151163391524242880e-05 -1.278914402798788417e-05 8.571149859072126870e-07 -1.167619466550250455e-05 -1.224130100296991799e-05 4.560857991341636767e-05 -9.565741583264012040e-06 5.907111755651948178e-04 -6.989023652599728458e-05 3.555220245687241461e-05
7.328431643538025708e-05 3.242322414107936621e-06 8.568243085422311061e-04 -3.265965813137280450e-07 -6.202485803227377283e-06 6.120534780150533650e-05 1.621799947284917634e-07 7.347806196733940663e-08 6.617600491025450745e-07 2.677775573992146336e-08 -1.002880513122483107e-07 1.609231950749458825e-07 -1.204948879206665918e-08 8.101876195365417140e-08 -1.583011976207683274e-07 -6.104391294499069191e-08 1.080256615525388401e-07 2.409768627392753430e-05 8.762256528944939591e-07 -8.696984224772113842e-05 -5.417147433403812166e-04 -4.718109286214035525e-05 -4.463160140444932572e-05 -3.700301055427736643e-05 -1.625509185471287130e-05 -5.137271436979825591e-05 -1.176866640081255040e-06 -4.004302829499209801e-05 -9.309259683454621740e-05 1.037395362260011035e-03 -1.692774203402189431e-04
7.789227551711181644e-05 -1.031410703099382243e-05 -2.040580095218603681e-04 -2.902108003246465882e-06 -5.745466978229464348e-06 3.930920316791569071e-05 2.796949143509414961e-07 5.015997050433171924e-08 -1.321614251645877765e-06 9.924663393284046264e-07 9.275266018035207586e-08 1.967783898272417298e-07 -6.851348224754901934e-08 -2.733921269152448523e-07 -1.002903129314747605e-07 -2.487881390257241974e-07 -2.073481031013425039e-08 8.762256528944939591e-07 1.163169575288802303e-04 -1.735675166022928857e-04 -1.162569666231167689e-03 -4.104506468284914867e-05 -4.354410461739294334e-05 -3.367987471261780190e-05 -4.533227470044964890e-05 9.297798835739382614e-05 1.430688308776756010e-04 -1.943971435504619251e-04 -9.088462985523878548e-05 -4.140786719579530001e-04 1.037194062068856745e-03
2.116960259205568490e-02 1.871584814449609889e-03 5.526293500176407969e-01 -7.706960036677430520e-04 -6.264824150265964169e-03 -7.151862778673499788e-02 8.126622541802229233e-05 8.261805366045268256e-05 4.557932571046974951e-05 -2.815279766656890613e-05 2.485177297319790662e-05 3.192265886886459493e-05 -2.047943384320336500e-05 -2.045011770407417122e-05 4.223103426295155531e-05 -4.338702149029738188e-06 -1.280553231869140183e-05 -8.696984224772113842e-05 -1.735675166022928857e-04 9.015111174445201991e-02 3.016679343893094445e-01 3.972183426897140691e-03 6.657309554802625859e-03 6.444957363302963524e-03 8.096536141555600238e-03 6.326226450214421197e-03 2.388855350020047813e-02 -1.902975956439094049e-02 -4.686228776358037501e-02 6.483700169510794864e-02 5.052307628777115422e-02
3.893017926147952085e-02 6.097022908072480610e-03 1.909822425990055139e+00 -2.034223734240533758e-03 -1.657989510607431674e-02 -8.495212641566951550e-02 -1.802486664318262138e-03 -3.526501568503886681e-04 8.713633125919291195e-04 4.113292723255011166e-05 -2.011030442648643998e-04 -1.848439930753964847e-04 2.865392949465909566e-04 5.619369623531080725e-05 6.221356125062367081e-04 3.233077373170045970e-04 -4.735228999351242212e-05 -5.417147433403812166e-04 -1.162569666231167689e-03 3.016679343893094445e-01 4.102003864579962134e+00 -4.479660002474533491e-03 -4.715436141638284367e-03 -8.691472856641835158e-04 -3.396418956864323026e-03 -6.907263364691264458e-03 -4.161176778662036280e-01 -1.653228661273936917e-01 -1.666070735663294777e-01 4.989788254544691992e-01 3.990174863403465055e-01
-2.738041069567055327e-02 -1.457830562044654978e-03 -7.459442751673522887e-01 3.598487340873212726e-04 2.961649171047046978e-03 -5.651371616020160055e-02 9.133146795206838122e-06 1.006385821528310557e-05 1.670054932428892316e-05 2.250922686582579183e-05 2.677591165997334524e-07 9.365727523164002477e-06 2.171766210906939329e-05 1.977997048291518247e-05 6.452040775360228474e-05 7.308774804718115262e-06 -1.151163391524242880e-05 -4.718109286214035525e-05 -4.104506468284914867e-05 3.972183426897140691e-03 -4.479660002474533491e-03 3.776593650043533895e-02 3.448737599252499342e-02 2.829251831343200518e-02 3.718705641056293393e-02 3.638041432031150629e-02 4.004484481684530278e-02 3.516728097854560087e-02 2.708809378743938859e-02 1.486142718108674800e-02 2.847588585727487635e-03
-2.542309275562337420e-02 -1.251015694828284388e-03 -7.171203441813468471e-01 2.854623971850475997e-04 2.416980758162793827e-03 -6.319136305543970877e-02 5.909033333554742405e-06 9.647972914147607770e-06 1.069496632341833518e-05 1.516023058180092386e-05 -1.302451047013835667e-08 7.140370183649655009e-06 2.061210730324530783e-05 1.605404918110765825e-05 1.449253841593006320e-05 2.182619938900160400e-05 -1.278914402798788417e-05 -4.463160140444932572e-05 -4.354410461739294334e-05 6.657309554802625859e-03 -4.715436141638284367e-03 3.448737599252499342e-02 3.827546468481771852e-02 2.927516048328927117e-02 3.844481072139148414e-02 3.758718136521422420e-02 5.083540198723279085e-02 3.375449254590054404e-02 2.560001386791379424e-02 1.148998726835624359e-02 2.261911994686625731e-03
-2.119979058807622968e-02 -9.619069457165126992e-04 -5.484591310529575159e-01 2.139603495309525666e-04 1.756105014928660080e-03 -5.322926675628281840e-02 7.876144483147873708e-06 7.198969874111206752e-06 7.232208851465594531e-06 1.569904298408047070e-05 2.570283235697100115e-06 9.418891790168324729e-06 1.778377266898685294e-05 1.341157801291109820e-05 1.334978603325086333e-05 5.756235830027013363e-06 8.571149859072126870e-07 -3.700301055427736643e-05 -3.367987471261780190e-05 6.444957363302963524e-03 -8.691472856641842748e-04 2.829251831343200518e-02 2.927516048328927117e-02 2.686349935628072269e-02 3.179077250325497428e-02 3.111422708076003185e-02 4.276061270874537829e-02 3.113263799605031981e-02 1.197413609935684548e-02 1.000095819441382608e-02 2.917769005344306556e-04
-2.912777183684028132e-02 -1.277986532935203616e-03 -7.165869929030794783e-01 2.872437626645116368e-04 2.390933226526893197e-03 -6.861255881996145001e-02 1.279465194168656734e-05 7.506705759546809621e-06 8.377434764991645126e-06 2.321791335252533007e-05 -1.630829102791754383e-07 8.992299729741876814e-06 2.023260917172369687e-05 1.632137149688400431e-05 1.823661746276730687e-05 4.970179055036551391e-06 -1.167619466550250455e-05 -1.625509185471287130e-05 -4.533227470044966245e-05 8.096536141555600238e-03 -3.396418956864323026e-03 3.718705641056293393e-02 3.844481072139148414e-02 3.179077250325497428e-02 4.438185290464471966e-02 4.097041509168679319e-02 5.884707961062043968e-02 4.039033751120117699e-02 2.561689924874081120e-02 1.211850139030200800e-02 2.072097704719306089e-03
-3.136356422538385397e-02 -1.220129165604109771e-03 -6.985366306239645384e-01 2.855246564128110414e-04 2.567365102002818790e-03 -6.429230234665664345e-02 1.552955517283338804e-05 3.698396838862060365e-06 1.103041623214818915e-05 1.961519374197026936e-05 -1.346553678695605531e-06 1.272623289927063744e-05 2.492637058529226558e-05 1.590181834761244856e-05 1.405488507839899167e-05 3.713047380605418696e-06 -1.224130100296991799e-05 -5.137271436979825591e-05 9.297798835739382614e-05 6.326226450214421197e-03 -6.907263364691264458e-03 3.638041432031150629e-02 3.758718136521422420e-02 3.111422708076003185e-02 4.097041509168679319e-02 4.601672686150616587e-02 5.403382085250691552e-02 3.896191047759421655e-02 2.455659064567588395e-02 1.167010943929694920e-02 -5.294820545988793560e-05
1.447903728486587237e-02 -4.055120266092990255e-03 -2.120856970092777072e-01 -5.334020502561700886e-04 -6.960294639870854769e-03 -1.860637654935685115e-01 -1.040037723584196931e-04 2.282475569854147047e-05 -1.463632440564155574e-05 3.493358216040260669e-05 9.472089157580202519e-05 -2.280360045768708342e-05 -1.544518723949620453e-05 2.005273240328900446e-05 4.667571007436111972e-04 5.367202965504152168e-05 4.560857991341636767e-05 -1.176866640081255040e-06 1.430688308776756010e-04 2.388855350020047813e-02 -4.161176778662036280e-01 4.004484481684530278e-02 5.083540198723279085e-02 4.276061270874537829e-02 5.884707961062043968e-02 5.403382085250691552e-02 5.034099853227391286e+00 4.930007181929166316e-02 -6.259996196025885418e-02 -1.883748997556488614e-01 -2.335383869955084263e-02
-5.422299320532311673e-02 -5.880362495850549077e-03 -1.200480397356278761e+00 1.142790609369009978e-03 7.156381714253816535e-03 -5.487258257741581616e-03 -1.045770263236793594e-04 -7.623527507253100098e-05 -2.881509290286918913e-05 8.991393634008972360e-05 9.519017978707391557e-05 3.949744579279639977e-05 6.356040851302141589e-06 -3.271679460319587627e-06 -1.311202694489035426e-04 4.849965878598096755e-04 -9.565741583264012040e-06 -4.004302829499209801e-05 -1.943971435504619251e-04 -1.902975956439094049e-02 -1.653228661273936917e-01 3.516728097854560087e-02 3.375449254590054404e-02 3.113263799605031981e-02 4.039033751120117699e-02 3.896191047759421655e-02 4.930007181929166316e-02 3.995137563994498819e+00 2.614931899969805129e-01 6.095630700558957171e-02 -4.272662242800237542e-02
-5.458271792165796110e-02 -3.439373780783275616e-03 -2.013944434662642280e+00 1.572267277451300455e-03 1.386199654437602138e-02 6.518583752574115542e-02 4.140682926651508220e-06 -9.499059317175160937e-05 -4.462852242827702398e-04 -8.550147227197100834e-05 -1.428102903100047445e-05 -1.422553442868562336e-07 6.681529917990885038e-05 7.227229051218821447e-05 -1.415033392563443072e-04 1.495486316916866827e-05 5.907111755651948178e-04 -9.309259683454621740e-05 -9.088462985523875837e-05 -4.686228776358037501e-02 -1.666070735663294777e-01 2.708809378743938859e-02 2.560001386791379424e-02 1.197413609935684548e-02 2.561689924874081120e-02 2.455659064567588395e-02 -6.259996196025885418e-02 2.614931899969805129e-01 5.486795800528240896e+00 1.930174565481655446e-01 -1.893982306908505164e-02
-2.984607947687068288e-02 -2.533125701477996570e-03 -1.118258071458586578e+00 9.390456816881447401e-04 7.644075199398441510e-03 3.990567317878657150e-02 5.198054265825157995e-05 1.275234702941349804e-04 -2.333555221488632138e-04 -4.305181385159856963e-04 -3.883358291625042423e-05 -4.291223014806187514e-05 1.357676826447429144e-04 -6.676238707335495814e-05 -3.859455239640480580e-05 -6.350569639531212628e-05 -6.989023652599728458e-05 1.037395362260011035e-03 -4.140786719579529459e-04 6.483700169510794864e-02 4.989788254544691992e-01 1.486142718108674453e-02 1.148998726835624359e-02 1.000095819441382608e-02 1.211850139030200800e-02 1.167010943929694920e-02 -1.883748997556488614e-01 6.095630700558957171e-02 1.930174565481655446e-01 7.385920762475680412e+00 1.620208718237448609e-01
-5.835286496949473184e-03 6.475289207020018599e-05 1.007815705137407314e-01 2.468833350371645030e-04 3.698099908833614425e-04 2.060464106404023366e-04 7.304754797914888079e-05 1.431418338088535360e-04 1.445955957892039969e-05 -2.133034496484746776e-04 1.794569951376158228e-04 5.397760720212185011e-05 -4.935455196549024001e-06 -8.838649600521821144e-05 7.429719487304802027e-05 -5.930491080830717453e-06 3.555220245687241461e-05 -1.692774203402189431e-04 1.037194062068856528e-03 5.052307628777115422e-02 3.990174863403465055e-01 2.847588585727486334e-03 2.261911994686625731e-03 2.917769005344306556e-04 2.072097704719305222e-03 -5.294820545988813889e-05 -2.335383869955084957e-02 -4.272662242800238236e-02 -1.893982306908504817e-02 1.620208718237448609e-01 8.153795601046372354e+00
