# logA ns theta_MC_100 omegabh2 omegach2 tau A_planck calib_100T calib_217T A_cib_217 xi_sz_cib A_sz ksz_norm gal545_A_100 gal545_A_143 gal545_A_143_217 gal545_A_217 ps_A_100_100 ps_A_143_143 ps_A_143_217 ps_A_217_217 galf_TE_A_100 galf_TE_A_100_143 galf_TE_A_100_217 galf_TE_A_143 galf_TE_A_143_217 galf_TE_A_217
1.598601670054285769e-03 7.486701262211976644e-04 1.512658139662940884e-04 1.636946154692548407e-05 1.564977226508849223e-04 1.647103828699234961e-04 1.175289990407289928e-05 1.131142715865162951e-06 -1.490760063403946022e-08 7.297666741191592005e-03 2.152421569488978277e-06 -4.751770447684706359e-04 -7.232789397918340578e-05 1.385176415414932386e-03 -1.696880021156776204e-04 -1.108889908047486651e-03 3.711713622878089983e-03 -1.629820190026138038e-01 -1.920061471340527015e-02 8.402635339574281159e-02 -5.672989311275362934e-03 2.419544789708685903e-05 8.654302514917173097e-06 -1.188168991650370460e-05 3.401167143774571131e-05 -2.660879031612944793e-05 -5.557406972887415735e-05
7.486701262211976644e-04 5.352624246916857891e-04 9.110825095943484244e-05 1.195513868009324035e-05 6.921695867256399081e-05 3.121951051809563943e-05 -1.154254894097229821e-06 5.610621641324001279e-07 -1.996114777500847156e-07 3.718942819573916258e-04 -5.108994583515652548e-06 -5.565710743645017064e-04 1.515872950064516510e-04 2.079399856758021303e-03 3.250515895864081531e-04 2.074165527779483684e-04 2.173970758000707670e-03 -8.953608773985875791e-02 2.042233858140913433e-02 4.511988178068795236e-02 -1.710992620263344574e-02 1.159060511075550653e-05 4.425107269461233365e-06 -2.932801447842594030e-06 1.025529110423076969e-06 -9.636844744662055666e-06 -2.268957965718349507e-05
1.512658139662940884e-04 9.110825095943484244e-05 2.006943709599085497e-05 2.307020552143972002e-06 1.691936400093632125e-05 5.652007285029119626e-06 -1.488832996956269956e-07 7.391778280257685038e-08 -2.278450700766555575e-08 5.697087137758193888e-05 1.919334539216532137e-06 8.439890228385054055e-05 -1.423027112081504174e-04 3.118792296397707273e-04 4.896587748611878340e-05 6.459134831024976157e-05 3.437280879122069869e-04 -5.552554586682881439e-03 3.570895063260032341e-03 9.396366521004997571e-03 -5.394557834668753729e-03 2.908397097869509735e-06 1.897846389960700210e-07 6.858737526707075196e-07 1.192338056567980891e-06 -2.105075139597849932e-06 4.771569853403125208e-07
1.636946154692548407e-05 1.195513868009324035e-05 2.307020552143972002e-06 3.486309307352786538e-07 1.352438598732953493e-06 9.909845473244268278e-07 -3.364775660996916398e-08 1.572556321267511788e-08 -4.501906216217763728e-09 -4.456653246860280598e-05 -8.953492106793452259e-07 -8.545329389623942617e-07 -6.049340560434054837e-06 4.507194459911910731e-05 8.497464696310826581e-06 2.419023324154850874e-05 8.978054124998836167e-05 -8.163556522990224676e-04 5.674206593599173719e-04 1.691818908752952978e-03 -1.055227598162163192e-03 2.088699318484537438e-07 2.163191198382556489e-08 1.710204519153585691e-07 -1.064024860999465309e-07 8.030074949355125040e-08 -9.003880651270840586e-07
1.564977226508849223e-04 6.921695867256399081e-05 1.691936400093632125e-05 1.352438598732953493e-06 2.360825678960745268e-05 1.202658609458177943e-06 -2.288495646545841974e-07 7.255764782180232086e-08 7.308560217771177956e-09 3.035177875632019922e-04 1.134837134005400117e-05 1.782129238082743583e-05 -1.470274118226915763e-04 1.335151517683727833e-04 1.273961326206962442e-06 -2.366932185587099539e-04 -6.627921335927509222e-05 -1.258545774057992679e-02 1.627161722878304757e-03 6.225550332567676357e-03 1.216284443506705087e-03 3.529108453267207423e-06 6.672709526120251429e-08 -2.195270988463168813e-06 5.365235425202762714e-06 -3.668872093431768717e-06 -4.422019788995282737e-06
1.647103828699234961e-04 3.121951051809563943e-05 5.652007285029119626e-06 9.909845473244268278e-07 1.202658609458177943e-06 6.790943993680714774e-05 8.950667196709723748e-07 5.822230748999329892e-08 2.628248187993703512e-08 2.195833576312010600e-03 -1.570101232840506888e-05 1.378874378043814554e-04 1.411051196533566520e-04 -8.216452522733138904e-05 -2.167834067018519186e-05 3.690147991225462129e-05 3.553823156907416755e-04 -6.908245752391415154e-03 -9.834039063640394318e-03 1.082913924025113300e-02 -3.007771801421520955e-03 9.383111059194926197e-07 2.549538951726911663e-06 2.963680404863553964e-07 2.727502678819558916e-06 3.715015382316371153e-06 5.287347976798379948e-07
1.175289990407289928e-05 -1.154254894097229821e-06 -1.488832996956269956e-07 -3.364775660996916398e-08 -2.288495646545841974e-07 8.950667196709723748e-07 5.988927782771953365e-06 2.940205796442578284e-09 2.037563654862636640e-08 1.584090961433490350e-03 -7.037231943097983797e-07 -4.836155190135914061e-05 1.911845299390880118e-05 -3.309968276202409301e-06 -1.627237869252408178e-05 -6.458100576880041930e-05 5.666679642581617894e-04 -1.915962568849672231e-03 -1.661062827303320510e-03 -1.598958133819167269e-03 2.824251171093232742e-03 -3.447510966798046274e-07 -5.187145585059561864e-08 8.761986192824516504e-07 1.072849367828625818e-06 -2.620773378559880896e-06 -5.313869572207622399e-06
1.131142715865162951e-06 5.610621641324001279e-07 7.391778280257685038e-08 1.572556321267511788e-08 7.255764782180232086e-08 5.822230748999329892e-08 2.940205796442578284e-09 4.395031348902140760e-07 2.573279547762480053e-09 -4.333986870524295971e-05 1.542439647890875773e-06 1.496786432114769792e-05 -7.472764270453753047e-06 1.160275325635383052e-04 -1.113453563916673157e-04 -3.396040942848123757e-05 1.174926782100291721e-04 3.978587004238850165e-03 -3.070544406102133830e-03 2.418179650208442599e-04 -2.241208428301898247e-04 8.623304589138357229e-08 -1.649438936976797108e-07 1.632673053481078733e-08 -4.660191218430277795e-07 2.331203088696231749e-07 -2.883243322507796684e-06
-1.490760063403946022e-08 -1.996114777500847156e-07 -2.278450700766555575e-08 -4.501906216217763728e-09 7.308560217771177956e-09 2.628248187993703512e-08 2.037563654862636640e-08 2.573279547762480053e-09 4.082028601427489415e-07 6.191762258664459170e-04 -7.206921512575702760e-07 -5.221627802653435057e-06 1.123222578157301020e-05 -1.443360617970398924e-05 -2.246757036499101278e-05 2.640982899697513807e-04 5.505954102271396616e-04 7.908331097932521899e-05 -2.052249958905001757e-03 1.277823821010052241e-03 -6.259161812102334392e-05 1.029340315315033744e-09 -1.835276208791580535e-08 -5.639755145121315297e-08 1.562088267950648523e-07 -2.949778531969300637e-08 -2.914094930599989230e-06
7.297666741191592005e-03 3.718942819573916258e-04 5.697087137758193888e-05 -4.456653246860280598e-05 3.035177875632019922e-04 2.195833576312010600e-03 1.584090961433490350e-03 -4.333986870524295971e-05 6.191762258664459170e-04 4.589621574608827927e+02 -1.430283867153599453e-01 -1.262725799706817087e+00 9.044632734863187196e-01 3.513849493071110053e-01 2.843837657632194427e-01 -1.939924825044275281e+01 -6.187633591640474151e+01 4.159466992840972210e+01 -2.115007717259327364e+02 7.664302175783475377e+02 -6.251103258197571222e+02 8.851645591875962086e-04 -6.196419246692569469e-04 -2.243766267145291121e-02 -8.202655498044181953e-03 1.293266369035732388e-02 -6.828956030343852346e-02
2.152421569488978277e-06 -5.108994583515652548e-06 1.919334539216532137e-06 -8.953492106793452259e-07 1.134837134005400117e-05 -1.570101232840506888e-05 -7.037231943097983797e-07 1.542439647890875773e-06 -7.206921512575702760e-07 -1.430283867153599453e-01 8.270303507502306528e-02 7.086671021936320931e-03 -8.434872695286784253e-03 5.104709204696254547e-03 6.136963781688396791e-03 -8.464755336058830742e-04 -3.920187174371934924e-02 1.731048292552287426e-01 -1.097883537954984084e-01 4.696539889714207994e-01 -4.037616958914921339e-01 -1.789680858574964705e-06 4.364337896238266930e-05 1.910743171147436783e-04 1.018506762000291258e-04 8.302777524076760730e-05 5.550216197842082737e-04
-4.751770447684706359e-04 -5.565710743645017064e-04 8.439890228385054055e-05 -8.545329389623942617e-07 1.782129238082743583e-05 1.378874378043814554e-04 -4.836155190135914061e-05 1.496786432114769792e-05 -5.221627802653435057e-06 -1.262725799706817087e+00 7.086671021936320931e-03 4.601001970092602811e+00 -3.598403205019123696e+00 -1.344849177942946117e-01 6.281837750757521266e-02 4.258565587016669429e-01 2.775864400241208618e-01 -6.387988489368941813e+00 -6.161789584245624951e-01 6.393925417958659096e+00 -2.308863696441046276e+00 -2.373990088297710157e-05 5.916499168929788456e-05 3.211260673179402590e-04 6.943606394345300508e-04 -8.787669615977699526e-04 8.708111299079081963e-03
-7.232789397918340578e-05 1.515872950064516510e-04 -1.423027112081504174e-04 -6.049340560434054837e-06 -1.470274118226915763e-04 1.411051196533566520e-04 1.911845299390880118e-05 -7.472764270453753047e-06 1.123222578157301020e-05 9.044632734863187196e-01 -8.434872695286784253e-03 -3.598403205019123696e+00 7.320158031532339571e+00 8.877653467162124890e-02 -6.210661110452291717e-02 -2.747875572842665703e-01 -1.182556100916151709e-01 1.843527112420905834e+00 4.414887507520098842e-01 -4.914692820730198086e+00 2.186724749050617866e+00 5.069326009940703509e-04 -1.723213605187387965e-04 -4.543017349100809238e-04 -9.663694604121876672e-04 1.739729178065880209e-04 -1.796844368078474863e-02
1.385176415414932386e-03 2.079399856758021303e-03 3.118792296397707273e-04 4.507194459911910731e-05 1.335151517683727833e-04 -8.216452522733138904e-05 -3.309968276202409301e-06 1.160275325635383052e-04 -1.443360617970398924e-05 3.513849493071110053e-01 5.104709204696254547e-03 -1.344849177942946117e-01 8.877653467162124890e-02 3.507408816291557763e+00 3.913714456498502137e-01 5.209209667773710695e-02 -1.805339082961782832e-02 -9.819352861364723850e+00 7.756898034537059061e+00 2.882422207804864467e+00 -5.252603010316029275e-01 2.352542630927019290e-04 3.454283736789789819e-04 -2.590818862357436268e-04 -1.026729014997094592e-03 8.283584215855406335e-04 -2.656810081865664322e-03
-1.696880021156776204e-04 3.250515895864081531e-04 4.896587748611878340e-05 8.497464696310826581e-06 1.273961326206962442e-06 -2.167834067018519186e-05 -1.627237869252408178e-05 -1.113453563916673157e-04 -2.246757036499101278e-05 2.843837657632194427e-01 6.136963781688396791e-03 6.281837750757521266e-02 -6.210661110452291717e-02 3.913714456498502137e-01 3.448930109634179786e+00 2.530265393577356470e+00 2.292565520309048921e+00 8.045163541425724318e+00 -1.397376511208813454e+01 2.930149214876290653e+00 -9.221119501576524602e-01 -4.791241795172182993e-04 -7.645040031363254523e-04 5.735756131419370669e-04 -4.215067569755685849e-04 3.230974443105282022e-04 -5.638504835741175829e-03
-1.108889908047486651e-03 2.074165527779483684e-04 6.459134831024976157e-05 2.419023324154850874e-05 -2.366932185587099539e-04 3.690147991225462129e-05 -6.458100576880041930e-05 -3.396040942848123757e-05 2.640982899697513807e-04 -1.939924825044275281e+01 -8.464755336058830742e-04 4.258565587016669429e-01 -2.747875572842665703e-01 5.209209667773710695e-02 2.530265393577356470e+00 1.859256007595731575e+01 3.206003656682798919e+01 3.376998581571465152e+00 3.963617742690404810e+01 -5.543594210883729545e+01 2.618569344179474401e-01 -1.235377983093374028e-03 -4.740421062736395051e-04 1.189309801037397810e-03 -2.416882883360071640e-04 -3.437684389122458092e-03 4.914038112754717937e-05
3.711713622878089983e-03 2.173970758000707670e-03 3.437280879122069869e-04 8.978054124998836167e-05 -6.627921335927509222e-05 3.553823156907416755e-04 5.666679642581617894e-04 1.174926782100291721e-04 5.505954102271396616e-04 -6.187633591640474151e+01 -3.920187174371934924e-02 2.775864400241208618e-01 -1.182556100916151709e-01 -1.805339082961782832e-02 2.292565520309048921e+00 3.206003656682798919e+01 8.603812474585065218e+01 -1.177487152301649154e+01 6.076040648882910489e+01 -4.652359278876905790e+01 -3.083670264399736638e+01 -5.414943283208631213e-04 2.711800524295499278e-05 9.532140027032294516e-03 2.179453553856800299e-03 -6.390157254311941773e-03 -1.310760465301579261e-02
-1.629820190026138038e-01 -8.953608773985875791e-02 -5.552554586682881439e-03 -8.163556522990224676e-04 -1.258545774057992679e-02 -6.908245752391415154e-03 -1.915962568849672231e-03 3.978587004238850165e-03 7.908331097932521899e-05 4.159466992840972210e+01 1.731048292552287426e-01 -6.387988489368941813e+00 1.843527112420905834e+00 -9.819352861364723850e+00 8.045163541425724318e+00 3.376998581571465152e+00 -1.177487152301649154e+01 1.266457106410801316e+04 7.627089165070312902e+02 -1.725807389964171179e+01 6.787959011994135317e+00 2.928291566854961461e-02 9.226528944815643590e-03 2.599760210158735124e-02 5.211172939717011870e-02 -2.353863578862704434e-02 -6.500337737147245942e-01
-1.920061471340527015e-02 2.042233858140913433e-02 3.570895063260032341e-03 5.674206593599173719e-04 1.627161722878304757e-03 -9.834039063640394318e-03 -1.661062827303320510e-03 -3.070544406102133830e-03 -2.052249958905001757e-03 -2.115007717259327364e+02 -1.097883537954984084e-01 -6.161789584245624951e-01 4.414887507520098842e-01 7.756898034537059061e+00 -1.397376511208813454e+01 3.963617742690404810e+01 6.076040648882910489e+01 7.627089165070312902e+02 1.273770270741429158e+04 1.175004462305879997e+03 -2.684026305569681767e+02 1.519966193421419184e-02 2.215422795148973972e-02 6.266978991003280264e-02 -5.304258366453407786e-02 -3.250151382175022613e-02 -4.604659789393968916e-01
8.402635339574281159e-02 4.511988178068795236e-02 9.396366521004997571e-03 1.691818908752952978e-03 6.225550332567676357e-03 1.082913924025113300e-02 -1.598958133819167269e-03 2.418179650208442599e-04 1.277823821010052241e-03 7.664302175783475377e+02 4.696539889714207994e-01 6.393925417958659096e+00 -4.914692820730198086e+00 2.882422207804864467e+00 2.930149214876290653e+00 -5.543594210883729545e+01 -4.652359278876905790e+01 -1.725807389964171179e+01 1.175004462305879997e+03 1.171137160948720339e+04 1.098190260324104202e+03 -1.777511324631953632e-02 1.862101178906144100e-02 2.438026037672982871e-02 5.768108935625618910e-02 5.007007922471317513e-02 -2.448322844645578200e-01
-5.672989311275362934e-03 -1.710992620263344574e-02 -5.394557834668753729e-03 -1.055227598162163192e-03 1.216284443506705087e-03 -3.007771801421520955e-03 2.824251171093232742e-03 -2.241208428301898247e-04 -6.259161812102334392e-05 -6.251103258197571222e+02 -4.037616958914921339e-01 -2.308863696441046276e+00 2.186724749050617866e+00 -5.252603010316029275e-01 -9.221119501576524602e-01 2.618569344179474401e-01 -3.083670264399736638e+01 6.787959011994135317e+00 -2.684026305569681767e+02 1.098190260324104202e+03 1.306707521979975718e+04 -3.220076655051456321e-02 -3.239704407303982143e-03 1.319488830328593709e-01 1.410722145293482645e-02 -2.812389584490190830e-02 1.888463785803984329e-01
2.419544789708685903e-05 1.159060511075550653e-05 2.908397097869509735e-06 2.088699318484537438e-07 3.529108453267207423e-06 9.383111059194926197e-07 -3.447510966798046274e-07 8.623304589138357229e-08 1.029340315315033744e-09 8.851645591875962086e-04 -1.789680858574964705e-06 -2.373990088297710157e-05 5.069326009940703509e-04 2.352542630927019290e-04 -4.791241795172182993e-04 -1.235377983093374028e-03 -5.414943283208631213e-04 2.928291566854961461e-02 1.519966193421419184e-02 -1.777511324631953632e-02 -3.220076655051456321e-02 1.515398570818556534e-03 2.647787470776163683e-04 -9.121552182926402069e-06 -4.248649450497052706e-04 1.481454154940539933e-05 -1.402411834752234187e-04
8.654302514917173097e-06 4.425107269461233365e-06 1.897846389960700210e-07 2.163191198382556489e-08 6.672709526120251429e-08 2.549538951726911663e-06 -5.187145585059561864e-08 -1.649438936976797108e-07 -1.835276208791580535e-08 -6.196419246692569469e-04 4.364337896238266930e-05 5.916499168929788456e-05 -1.723213605187387965e-04 3.454283736789789819e-04 -7.645040031363254523e-04 -4.740421062736395051e-04 2.711800524295499278e-05 9.226528944815643590e-03 2.215422795148973972e-02 1.862101178906144100e-02 -3.239704407303982143e-03 2.647787470776163683e-04 9.024649272965449545e-04 4.873155535327395544e-06 7.067527163327146610e-04 -5.595773921463193629e-06 8.516579024561509543e-05
-1.188168991650370460e-05 -2.932801447842594030e-06 6.858737526707075196e-07 1.710204519153585691e-07 -2.195270988463168813e-06 2.963680404863553964e-07 8.761986192824516504e-07 1.632673053481078733e-08 -5.639755145121315297e-08 -2.243766267145291121e-02 1.910743171147436783e-04 3.211260673179402590e-04 -4.543017349100809238e-04 -2.590818862357436268e-04 5.735756131419370669e-04 1.189309801037397810e-03 9.532140027032294516e-03 2.599760210158735124e-02 6.266978991003280264e-02 2.438026037672982871e-02 1.319488830328593709e-01 -9.121552182926402069e-06 4.873155535327395544e-06 8.050758748518000926e-03 4.522277274747650306e-05 3.145622394451887214e-05 1.501341156861999684e-04
3.401167143774571131e-05 1.025529110423076969e-06 1.192338056567980891e-06 -1.064024860999465309e-07 5.365235425202762714e-06 2.727502678819558916e-06 1.072849367828625818e-06 -4.660191218430277795e-07 1.562088267950648523e-07 -8.202655498044181953e-03 1.018506762000291258e-04 6.943606394345300508e-04 -9.663694604121876672e-04 -1.026729014997094592e-03 -4.215067569755685849e-04 -2.416882883360071640e-04 2.179453553856800299e-03 5.211172939717011870e-02 -5.304258366453407786e-02 5.768108935625618910e-02 1.410722145293482645e-02 -4.248649450497052706e-04 7.067527163327146610e-04 4.522277274747650306e-05 3.223627894613193597e-03 -1.765164061328690907e-05 1.044152969624972721e-04
-2.660879031612944793e-05 -9.636844744662055666e-06 -2.105075139597849932e-06 8.030074949355125040e-08 -3.668872093431768717e-06 3.715015382316371153e-06 -2.620773378559880896e-06 2.331203088696231749e-07 -2.949778531969300637e-08 1.293266369035732388e-02 8.302777524076760730e-05 -8.787669615977699526e-04 1.739729178065880209e-04 8.283584215855406335e-04 3.230974443105282022e-04 -3.437684389122458092e-03 -6.390157254311941773e-03 -2.353863578862704434e-02 -3.250151382175022613e-02 5.007007922471317513e-02 -2.812389584490190830e-02 1.481454154940539933e-05 -5.595773921463193629e-06 3.145622394451887214e-05 -1.765164061328690907e-05 8.045793915069926819e-03 5.131364551484950392e-04
-5.557406972887415735e-05 -2.268957965718349507e-05 4.771569853403125208e-07 -9.003880651270840586e-07 -4.422019788995282737e-06 5.287347976798379948e-07 -5.313869572207622399e-06 -2.883243322507796684e-06 -2.914094930599989230e-06 -6.828956030343852346e-02 5.550216197842082737e-04 8.708111299079081963e-03 -1.796844368078474863e-02 -2.656810081865664322e-03 -5.638504835741175829e-03 4.914038112754717937e-05 -1.310760465301579261e-02 -6.500337737147245942e-01 -4.604659789393968916e-01 -2.448322844645578200e-01 1.888463785803984329e-01 -1.402411834752234187e-04 8.516579024561509543e-05 1.501341156861999684e-04 1.044152969624972721e-04 5.131364551484950392e-04 2.937869759742728348e-01
