# logA ns theta_MC_100 omegabh2 omegach2 tau w w_growth omegam_growth DES_DZ_S1 DES_DZ_S2 DES_DZ_S3 DES_DZ_S4 DES_M1 DES_M2 DES_M3 DES_M4 A_planck calib_100T calib_217T A_cib_217 xi_sz_cib A_sz ksz_norm gal545_A_100 gal545_A_143 gal545_A_143_217 gal545_A_217 ps_A_100_100 ps_A_143_143 ps_A_143_217 ps_A_217_217 galf_TE_A_100 galf_TE_A_100_143 galf_TE_A_100_217 galf_TE_A_143 galf_TE_A_143_217 galf_TE_A_217 DES_A1_1 DES_A1_2 DES_A2_1 DES_A2_2 DES_BTA_1
7.983074674409082992e-04 3.428878010060474051e-04 6.340395832844836525e-05 7.390459394465564556e-06 5.721254778949640818e-05 1.338869489632877501e-04 -4.420955561448462008e-04 2.121696858697568085e-03 -9.156523973076375895e-05 -1.736972583540829923e-06 3.397610516769398050e-07 -5.014179371587343676e-06 -7.822351240644737763e-06 -4.086099584397085248e-07 2.754055586431166513e-06 -2.465710154313274868e-06 -3.979681836264114145e-06 8.753747688400255171e-06 3.719123686542782256e-07 3.202239246360775371e-08 -5.708419007313148301e-04 -1.083005954586534069e-05 -9.442968719716829688e-05 -6.613015840266742336e-04 7.819042785364417819e-04 2.000539265730840778e-04 -1.256955118016406681e-04 2.207236113146073247e-03 -3.434335491988673578e-02 -3.410412611665666893e-02 -1.317137655697934659e-02 5.240873554808125716e-03 2.318432510705349501e-05 2.008638126898766064e-06 1.036684748559702332e-05 4.919365793908904227e-06 7.629652901501661317e-06 8.126438855764955632e-05 1.631402566710687171e-03 6.976316116881136481e-03 4.009217436919585396e-03 -4.978886492586448269e-03 2.088042481772030279e-03
3.428878010060474051e-04 2.921265817217502800e-04 4.312283194210088746e-05 6.408356817580673140e-06 2.196980177077811875e-05 2.084317140855186930e-05 1.728377236463842013e-04 6.858279437871651375e-04 -2.583670766442599167e-05 -7.365805063723520089e-08 4.362636789980447518e-07 -2.654036529983395269e-06 -2.031726475406577053e-06 -4.582767960451610134e-07 1.672095614517970410e-06 -6.480343452369989173e-07 -1.401855886204935955e-06 -2.280857160422179510e-06 1.543617473581765885e-07 2.827626928483067491e-08 9.785941392514167694e-04 -2.204610370547455860e-05 2.865863934195801948e-04 -5.866351155644575904e-04 1.574912662520394592e-03 5.410381391949008103e-04 1.963633269737142888e-04 1.108283634150923749e-04 -3.998867981725643533e-02 -2.477286224081497873e-02 -9.639838158469134916e-03 4.692010519752105218e-04 9.721623567839779656e-06 1.382046120111934846e-06 1.071444358441600074e-05 -4.171263060811781580e-06 1.850360020507598390e-06 1.468966890754779835e-05 7.555048076524510442e-04 3.930053351500554550e-03 3.173899163451967664e-03 -3.216324195809456329e-03 1.499091411277306404e-03
6.340395832844836525e-05 4.312283194210088746e-05 1.026503932711514652e-05 1.244286285035590422e-06 6.576225110463192829e-06 1.958407003604619588e-06 1.718366257700281341e-05 1.806335055907165403e-04 -7.703766633396487041e-06 1.499123584681582608e-07 1.534726995001225376e-07 -5.290392133974781333e-07 -5.462339951410683887e-07 -1.158267509215144885e-07 3.259243580824129994e-07 -1.387544241539406702e-07 -3.560300899389940415e-07 -2.746110554724456601e-07 1.346531694252089702e-08 1.021278401402349650e-08 1.303584721050008051e-04 -3.071825190761211219e-06 1.206458454602612703e-04 -1.002071290805133387e-04 2.139232394603590443e-04 6.644517483822865735e-05 7.690322688748809157e-05 2.419427167402553647e-05 5.519049172485209973e-03 -1.994961617588281687e-03 -1.116863476816614895e-03 -1.304818549355603666e-03 1.750093536928715126e-06 1.542159566576990162e-07 2.133308168320085235e-06 -2.369981988927437612e-07 8.423278645400774518e-07 4.879576650669401291e-06 1.447983582320128929e-04 6.340787657653020222e-04 5.233046518103628888e-04 -6.344993720539250604e-04 2.452758473507696681e-04
7.390459394465564556e-06 6.408356817580673140e-06 1.244286285035590422e-06 2.162203049835923972e-07 4.272353736980878186e-07 5.101701133913801573e-07 1.055325405413010153e-05 9.373478567594839038e-06 -4.037787074150807150e-07 3.430084936689269705e-08 2.497743727076526963e-09 -5.382500988825978792e-08 -7.143809460304863161e-08 -8.317450850436900172e-09 3.734921837778024388e-08 3.984454948930244282e-09 -2.279965826093589689e-08 -2.636602484994154625e-08 7.807400309212416607e-09 4.003681957828124099e-10 -3.531937702546631298e-05 -5.773213338665765935e-07 1.710550271097459001e-05 -1.433155804154722042e-05 2.552984128541337206e-05 9.530431427327538347e-06 5.326411066053117923e-06 -5.180812965656162473e-06 2.868253594870624518e-04 -3.211287451473498621e-04 1.103308577619955828e-04 -4.929612509621395097e-04 1.676626541578154724e-07 -5.606347121264651471e-08 4.614753465492579116e-07 -3.021620036081661228e-07 9.045236890083133807e-08 3.828965261922462954e-08 9.148138966575191936e-06 5.924063354211015311e-05 7.440012634774189942e-05 -6.922535536500082863e-05 3.285293876048869327e-05
5.721254778949640818e-05 2.196980177077811875e-05 6.576225110463192829e-06 4.272353736980878186e-07 1.016074918128603664e-05 -1.406315595822505326e-06 -1.195845502854982521e-04 3.176152169025238696e-04 -1.422165856706566949e-05 -9.050095344416898890e-08 2.546210006782838282e-07 -4.664125413306147585e-07 -5.255961374142058454e-07 -3.418902946854125963e-08 3.227637516604419263e-07 -4.120929874228266865e-07 -5.049727709256474955e-07 -3.516741242018888235e-07 6.587597396103219836e-09 2.016855056961253998e-08 1.674976825889326008e-04 -2.516087461449495055e-06 5.868170469589496302e-05 -9.012783457329060215e-05 6.547575517678551804e-05 1.028932380578187807e-05 1.657935798836113810e-05 1.950421074252261654e-04 2.906739833817004355e-03 -1.935803676422015234e-03 -1.408643499342116488e-03 1.235917286307598511e-03 2.717624797734341661e-06 4.487291733496068004e-07 5.528087967241110610e-07 2.677178553469418870e-06 9.117448010969456558e-07 2.897505534876599224e-06 2.089194618166548062e-04 7.502836031313437227e-04 2.337179089752785220e-04 -5.255220615134653835e-04 2.183486761796627894e-04
1.338869489632877501e-04 2.084317140855186930e-05 1.958407003604619588e-06 5.101701133913801573e-07 -1.406315595822505326e-06 6.394802766833743417e-05 -2.101514306398225902e-05 1.045644006990440242e-04 -4.654184326065872428e-06 -6.269574604907114334e-07 -3.943302443905208838e-07 -6.447246753702938831e-07 -2.082618134936707165e-06 -2.681303169527390866e-08 1.617847804272523771e-07 1.320140038679382939e-07 -3.155729344024253152e-07 -5.617450800359326241e-07 -3.213058149716776891e-08 -2.839186304888274427e-08 -2.923894901637977294e-04 2.994993749341015677e-06 -5.383841728302469814e-05 -1.108719031535100575e-04 -5.663121612281591108e-06 7.303198117912037288e-05 -1.531335102854009829e-05 -2.017954431753632980e-04 5.178041307068285710e-04 -8.913643644492358310e-04 -5.728054015094015232e-03 -1.734471765758206427e-03 2.004370716052628590e-06 -2.390292641102955157e-07 1.518835172894303603e-06 -2.279685554837038242e-06 -1.274405891382523796e-06 1.180205953260945990e-05 5.994241773549506303e-05 3.978850521715824326e-04 3.288538464259069477e-04 -1.634100377367922702e-04 5.398736870980348941e-05
-4.420955561448462008e-04 1.728377236463842013e-04 1.718366257700281341e-05 1.055325405413010153e-05 -1.195845502854982521e-04 -2.101514306398225902e-05 1.634482012454983868e-02 1.339158370180781659e-03 2.481538656128607213e-04 -2.091911384182889700e-06 -2.192213535034005434e-05 -8.078455151239429398e-06 1.078318703176959001e-05 3.042830659317600773e-06 -1.177113744912793718e-05 -8.807431506074340154e-06 5.173434348862625944e-06 5.439507813156040028e-06 2.730877695111828740e-07 2.197294804978020200e-07 5.006668286891300355e-03 -2.102753195531988182e-04 -1.354585554389976148e-03 4.347076977921853803e-03 -4.309528979951324809e-04 1.886633177216160556e-03 4.248236087063509032e-03 -5.095382483670484602e-03 2.112108776608047356e-01 -3.305912631853255568e-02 -5.431662190512456106e-02 -1.831381959018593408e-01 -4.413684269033053966e-05 -3.865661474602756509e-05 -8.149993832767102905e-05 -7.158954722394424044e-05 -5.360637233143075042e-05 -2.064888665697343787e-04 3.342707319678518783e-03 -9.167073816397299998e-03 -5.124915516993854697e-03 -8.159040139147777718e-03 -1.405305375769322698e-03
2.121696858697568085e-03 6.858279437871651375e-04 1.806335055907165403e-04 9.373478567594839038e-06 3.176152169025238696e-04 1.045644006990440242e-04 1.339158370180781659e-03 2.343212986273961532e-02 1.895741445722482843e-03 -3.576372114441826565e-05 -1.784289760991930772e-05 5.142330450399040109e-05 2.235758150636797025e-05 2.459879456257713546e-06 2.836095378594122257e-06 1.686100035683493650e-05 1.905936346221982265e-05 -3.513469362596210864e-07 8.045723022013324226e-07 4.314177115904631630e-07 1.644769296066070016e-02 -3.979705046871908421e-04 -1.138461626207014745e-03 -4.900318914194187877e-04 -7.487907575918442032e-05 8.315393028963649538e-04 9.122909914216052480e-04 4.740565885421168212e-03 1.379051744432873983e-01 -1.123765938090776073e-01 -5.621899837593451882e-02 -1.736040695847499912e-02 7.687218118143055454e-05 1.518070815847146905e-06 6.830809357952840081e-05 8.506886433733566494e-05 -2.101072456980146674e-05 4.105550825988374397e-04 -8.072021257396345961e-03 -1.093014393448532920e-02 -1.339962821824478684e-04 7.897344257521492564e-03 1.080144478101238877e-02
-9.156523973076375895e-05 -2.583670766442599167e-05 -7.703766633396487041e-06 -4.037787074150807150e-07 -1.422165856706566949e-05 -4.654184326065872428e-06 2.481538656128607213e-04 1.895741445722482843e-03 1.873684565679329360e-03 1.096410687116910571e-06 -7.719785304535394731e-07 1.739589566810154710e-06 3.244988279018743780e-06 4.249677056084134554e-07 4.510733699460874091e-08 -3.643382848737562157e-06 -9.781485301680655198e-08 -5.132837733644738197e-08 -6.119534360456138828e-08 -2.831045439973826746e-07 2.441566984814692951e-03 1.966764518546736172e-05 5.270026035769022647e-04 -1.963709055570880477e-04 -5.810109426352349192e-04 9.457940118965880896e-05 -7.371712988424918836e-04 -1.455072102677605747e-03 1.482478703164770775e-02 -1.484425261521077691e-02 -7.017916093095099249e-03 -3.675419877451035350e-02 1.639028912494440187e-06 1.283892245236364621e-05 2.842136349569679359e-05 9.769868075730224317e-06 -2.163846622391377616e-05 8.492287489845171155e-05 -5.201774102307433513e-03 -2.410349594359876418e-03 1.757040284471665312e-02 -2.914106431323707728e-03 -4.445892623994135667e-04
-1.736972583540829923e-06 -7.365805063723520089e-08 1.499123584681582608e-07 3.430084936689269705e-08 -9.050095344416898890e-08 -6.269574604907114334e-07 -2.091911384182889700e-06 -3.576372114441826565e-05 1.096410687116910571e-06 2.355745820074281165e-05 9.642808255253381233e-07 -2.646609242782618695e-07 5.112634031914888538e-08 -1.548995380720803687e-07 3.040475022829746137e-07 6.609108219583334145e-08 -1.860200981452944522e-07 5.981501736882680081e-09 -1.854098128432193570e-08 -1.131581787524337273e-08 1.303266952584079515e-03 8.421660459813531323e-07 1.979872978328861547e-05 -5.875382041452018532e-05 8.751441371109529169e-05 -9.319292696725829783e-06 -7.397310905700820696e-05 -3.314790708494495732e-05 1.255465275584273163e-03 -4.783516222880628368e-04 3.656804697145970770e-03 -2.980878576348278738e-03 -1.025667787986167973e-06 -2.465466673814210277e-07 1.351397842862766265e-06 -3.943472884026514586e-06 -1.678511178603580642e-06 -2.197023615561214999e-05 -1.176413902487461641e-06 -1.021462221295440414e-03 2.017066400339165007e-04 -4.793853020865717729e-04 -7.771882499310431872e-06
3.397610516769398050e-07 4.362636789980447518e-07 1.534726995001225376e-07 2.497743727076526963e-09 2.546210006782838282e-07 -3.943302443905208838e-07 -2.192213535034005434e-05 -1.784289760991930772e-05 -7.719785304535394731e-07 9.642808255253381233e-07 2.341976607785610327e-05 3.673016438511069022e-07 5.438096477970640786e-07 2.304978559868710001e-07 -6.324168257564513678e-07 2.586139308399358432e-07 2.371858732103954200e-07 -7.693355017777653365e-08 -1.943128420063037286e-08 4.114629447494108361e-10 4.001948852617074020e-04 -3.391628106014354193e-06 6.307149714336669527e-05 -6.618900086077379968e-05 -4.821545118680634572e-05 6.451799749947593802e-07 -1.762248474942077858e-04 -4.461917973769439030e-04 -1.325745883433924240e-03 -8.727639861285100458e-04 1.194569382143559995e-03 -3.741260332967562101e-03 2.696496631631142771e-07 -6.125591403904211802e-07 1.527267151255024606e-06 -5.049390200340804888e-06 1.932341655873456695e-06 1.970544043699295807e-06 2.859039748787791605e-04 1.164909041594090798e-03 7.885727911841066990e-05 -1.228815906089946852e-04 -7.141577747261840974e-05
-5.014179371587343676e-06 -2.654036529983395269e-06 -5.290392133974781333e-07 -5.382500988825978792e-08 -4.664125413306147585e-07 -6.447246753702938831e-07 -8.078455151239429398e-06 5.142330450399040109e-05 1.739589566810154710e-06 -2.646609242782618695e-07 3.673016438511069022e-07 2.334112689748674968e-05 7.556186287455782379e-07 -1.230412525583870523e-07 2.308767635277165847e-07 -9.020628695312047455e-07 5.163934410778597669e-07 6.288294985595720198e-08 2.880389557808673903e-08 4.338252785057753218e-09 -1.470152656644664060e-04 -8.949635094133214855e-06 4.271719445861260124e-05 -2.194500128773850184e-05 1.126941810612852569e-04 -4.888267710387708402e-06 2.502736274807083509e-05 1.102318012710458065e-04 1.668544350982472790e-03 -1.313136354564863268e-03 -2.301218630279541506e-03 -4.764285688608957230e-03 -9.313407188717124277e-08 -1.141712637649209681e-06 1.785159106621024193e-06 4.169438707056429083e-07 -7.825130455066896215e-07 -1.848891848737505768e-05 -1.650837939043023838e-04 -3.306015104961144849e-04 -1.691736141502085276e-04 1.742221193223371671e-04 5.149289751314318602e-05
-7.822351240644737763e-06 -2.031726475406577053e-06 -5.462339951410683887e-07 -7.143809460304863161e-08 -5.255961374142058454e-07 -2.082618134936707165e-06 1.078318703176959001e-05 2.235758150636797025e-05 3.244988279018743780e-06 5.112634031914888538e-08 5.438096477970640786e-07 7.556186287455782379e-07 2.378385565780530368e-05 -2.183891900469168492e-07 1.452101012646849420e-07 8.210005866571795792e-07 -6.630101641707609605e-07 3.102490448133632305e-08 1.634848303291728553e-08 1.374080108750194438e-08 2.811000441186002684e-04 6.614804748721924948e-06 -5.384102076500892926e-05 1.545262172889514437e-04 4.218290936338831205e-05 6.036029852479747024e-05 2.757348337684382882e-06 -2.112222571308263201e-04 -3.462386675746330442e-03 -2.255358714829874388e-03 1.579430629743821483e-03 3.438352492037854459e-03 -1.179890869806113145e-06 -7.052578602467702077e-07 -3.715761210943088776e-06 -8.149809780606590834e-08 2.202968185958856562e-06 2.000567778365989132e-05 -2.569424053174044841e-05 1.285581318152275679e-04 -1.045482660173807334e-04 1.223191858602853249e-04 3.900894357852663645e-05
-4.086099584397085248e-07 -4.582767960451610134e-07 -1.158267509215144885e-07 -8.317450850436900172e-09 -3.418902946854125963e-08 -2.681303169527390866e-08 3.042830659317600773e-06 2.459879456257713546e-06 4.249677056084134554e-07 -1.548995380720803687e-07 2.304978559868710001e-07 -1.230412525583870523e-07 -2.183891900469168492e-07 2.503561335012565987e-05 2.960247036138937858e-07 -9.955068834527076850e-08 -5.010594277650703210e-08 7.405680301846114867e-08 -2.327684584186866758e-08 7.004716585949050548e-09 4.416048468084227629e-04 -3.584454368296231359e-06 1.916802586103819844e-05 -2.907731594302426174e-05 -1.934273414920596835e-05 1.963731310274938053e-05 -5.418291625516764165e-05 -1.368406569441361594e-04 -2.048350879699927917e-03 4.308902043369289801e-03 3.743402075318741427e-04 -2.618244800310032261e-03 -2.751056412558390986e-07 2.521355592835355610e-07 -1.401681144491130729e-06 5.726553010984742455e-07 2.261883330074597965e-06 5.805249003995560925e-06 -1.039613560178011666e-05 -1.516160396858953644e-04 -7.532171115747509119e-05 2.480497403108062248e-04 -1.114379512325165531e-05
2.754055586431166513e-06 1.672095614517970410e-06 3.259243580824129994e-07 3.734921837778024388e-08 3.227637516604419263e-07 1.617847804272523771e-07 -1.177113744912793718e-05 2.836095378594122257e-06 4.510733699460874091e-08 3.040475022829746137e-07 -6.324168257564513678e-07 2.308767635277165847e-07 1.452101012646849420e-07 2.960247036138937858e-07 2.432170244902404419e-05 1.962918505307174732e-07 2.527156321444999956e-07 -4.381602862278505981e-08 5.191533213934962063e-09 6.308870560308309615e-09 -3.069927449366201115e-04 -5.997933355460983887e-06 -3.954483623655551908e-05 6.360456854493528895e-05 -1.387258888101147451e-05 -2.412581185945965114e-05 -1.501059237622106191e-04 -1.705146717393265989e-04 -2.366766168814081386e-03 3.378062005457914754e-03 -7.373779018153947106e-04 2.742010907222747033e-03 -7.206910527751151727e-08 -8.768186642290940996e-07 1.254033339443250755e-06 -7.391860040776356522e-07 -2.308035964437683719e-06 -7.218419811865348523e-06 3.937593241150368068e-05 5.951946729907731971e-05 1.753107327587056553e-04 -2.874125849604063586e-04 -4.047441374370774382e-05
-2.465710154313274868e-06 -6.480343452369989173e-07 -1.387544241539406702e-07 3.984454948930244282e-09 -4.120929874228266865e-07 1.320140038679382939e-07 -8.807431506074340154e-06 1.686100035683493650e-05 -3.643382848737562157e-06 6.609108219583334145e-08 2.586139308399358432e-07 -9.020628695312047455e-07 8.210005866571795792e-07 -9.955068834527076850e-08 1.962918505307174732e-07 2.417913936560794503e-05 6.522173700052520163e-07 -1.293360011658984879e-07 -1.986475055812873226e-08 1.268015288464596486e-09 5.325284878116821018e-04 1.886230451041361113e-06 2.075031247885873294e-05 -2.757995712544871952e-05 3.438413407398291507e-05 -3.869969636691560490e-05 -8.509920406167351679e-05 -2.641482488901639777e-04 -2.242265333939297452e-03 3.608060763524165940e-03 4.526565483447186553e-03 4.770990639874434164e-04 -1.383800671669277990e-06 -5.029858217968967635e-07 1.285901188091866138e-06 -6.842060804690988947e-07 2.488494400144055731e-06 -7.694712411290680972e-07 -5.167082704993402936e-05 -2.376406160837939675e-05 -9.859480849818541819e-05 4.329975078019216616e-05 4.123727157575997299e-05
-3.979681836264114145e-06 -1.401855886204935955e-06 -3.560300899389940415e-07 -2.279965826093589689e-08 -5.049727709256474955e-07 -3.155729344024253152e-07 5.173434348862625944e-06 1.905936346221982265e-05 -9.781485301680655198e-08 -1.860200981452944522e-07 2.371858732103954200e-07 5.163934410778597669e-07 -6.630101641707609605e-07 -5.010594277650703210e-08 2.527156321444999956e-07 6.522173700052520163e-07 2.419584733500726833e-05 -1.656964232892896997e-08 1.932419424908490720e-09 -8.991554618360417535e-09 -2.751972171235211222e-04 -7.944396956279308356e-06 4.715967091945808578e-05 -4.742459861892177829e-05 3.315930566713253420e-05 -8.549116651874915968e-06 4.540884019854515380e-06 -6.560065490424737951e-06 -8.062094889286552718e-04 8.449351096268221603e-04 -3.512340122395550806e-03 7.187300739715594803e-05 -1.558282388600901725e-06 -1.087435302496550520e-06 2.773187205769165253e-06 -1.088100441909262996e-06 -4.835201853583734175e-06 8.547758423724096473e-06 1.284383383709097853e-05 2.247093725493473756e-04 -1.240950481099621508e-04 1.281377886897603745e-04 2.090643236533446604e-05
8.753747688400255171e-06 -2.280857160422179510e-06 -2.746110554724456601e-07 -2.636602484994154625e-08 -3.516741242018888235e-07 -5.617450800359326241e-07 5.439507813156040028e-06 -3.513469362596210864e-07 -5.132837733644738197e-08 5.981501736882680081e-09 -7.693355017777653365e-08 6.288294985595720198e-08 3.102490448133632305e-08 7.405680301846114867e-08 -4.381602862278505981e-08 -1.293360011658984879e-07 -1.656964232892896997e-08 6.367271801298987907e-06 6.900721086406558494e-09 -1.688523648982954762e-09 6.662681705009279630e-04 5.144735685283024850e-06 -2.058644420935234169e-05 9.121252664662213880e-05 -1.998567848884959250e-05 -4.700162116116509255e-05 -3.191079134392529534e-05 6.112798302504360553e-04 4.992013043196929329e-04 1.300441192830943974e-03 1.062124131178731733e-03 8.712433074393067124e-04 4.430228001445056588e-08 -4.986366252956286431e-07 -1.809298570590095544e-06 -4.189733577622813852e-08 2.151519119392670570e-06 1.096649735277255385e-05 1.080391372103157074e-05 -1.335847336812203970e-06 -5.255479178363256409e-06 1.749376485205190882e-05 -1.951334888416665446e-05
3.719123686542782256e-07 1.543617473581765885e-07 1.346531694252089702e-08 7.807400309212416607e-09 6.587597396103219836e-09 -3.213058149716776891e-08 2.730877695111828740e-07 8.045723022013324226e-07 -6.119534360456138828e-08 -1.854098128432193570e-08 -1.943128420063037286e-08 2.880389557808673903e-08 1.634848303291728553e-08 -2.327684584186866758e-08 5.191533213934962063e-09 -1.986475055812873226e-08 1.932419424908490720e-09 6.900721086406558494e-09 4.364435639250659800e-07 -3.514652199661084184e-09 -2.197554251549712863e-04 2.773893229350078432e-06 3.935692449865348824e-05 -2.881618748492967736e-05 1.071723171179591536e-04 -1.002921576151567605e-04 -6.590535690545443648e-05 5.694056594038398000e-05 3.857513636103922488e-03 -4.854654573751356235e-03 -2.542408952806719498e-04 4.600932155468305074e-04 -6.640674776485900118e-08 -7.989966186221608753e-08 2.792812879786099402e-07 2.000099988605444148e-07 2.875703215138383231e-07 2.859690573475907070e-06 6.454510734138055326e-07 6.961832491331196878e-06 -2.276133652174469517e-06 4.270562688691158976e-06 -2.875082444853720019e-07
3.202239246360775371e-08 2.827626928483067491e-08 1.021278401402349650e-08 4.003681957828124099e-10 2.016855056961253998e-08 -2.839186304888274427e-08 2.197294804978020200e-07 4.314177115904631630e-07 -2.831045439973826746e-07 -1.131581787524337273e-08 4.114629447494108361e-10 4.338252785057753218e-09 1.374080108750194438e-08 7.004716585949050548e-09 6.308870560308309615e-09 1.268015288464596486e-09 -8.991554618360417535e-09 -1.688523648982954762e-09 -3.514652199661084184e-09 4.109817830808412487e-07 5.146295940761368712e-04 -3.684159629318744964e-07 -8.153333287404496856e-06 -4.172778374498753962e-06 -1.754947144197905692e-06 -1.785505426669073447e-05 2.489749795506203097e-04 5.151260756140890740e-04 -1.519035526442609192e-04 -1.349299129050900809e-03 1.627984304078597443e-03 1.469518726017687518e-05 -7.827392606235225209e-08 -1.757296329117079505e-07 -5.750903456040353188e-07 4.251821351249730032e-08 -2.480934499790264200e-07 1.596299440839372752e-06 1.758224324761827037e-06 9.778859049449156672e-06 -1.318967436921022785e-06 -3.646578667113777028e-06 6.227836246783313929e-07
-5.708419007313148301e-04 9.785941392514167694e-04 1.303584721050008051e-04 -3.531937702546631298e-05 1.674976825889326008e-04 -2.923894901637977294e-04 5.006668286891300355e-03 1.644769296066070016e-02 2.441566984814692951e-03 1.303266952584079515e-03 4.001948852617074020e-04 -1.470152656644664060e-04 2.811000441186002684e-04 4.416048468084227629e-04 -3.069927449366201115e-04 5.325284878116821018e-04 -2.751972171235211222e-04 6.662681705009279630e-04 -2.197554251549712863e-04 5.146295940761368712e-04 4.612497631007209975e+02 -5.816796540950143479e-02 -1.101228697246105392e+00 6.457057829668579885e-01 1.008753189483752172e-01 2.007841017395012861e-01 -2.033489885149243648e+01 -6.315002684563953750e+01 4.383335748331322179e+01 -2.075096689619997790e+02 7.904275203663532920e+02 -6.113972320759049808e+02 -6.348702082319346990e-03 9.105956502552844944e-03 1.171992776745619386e-02 9.239738348164232631e-03 1.089919912037968543e-03 -1.757832466732621446e-02 3.390658251821320607e-02 -7.156719573744707574e-02 8.837448821811196009e-02 -1.369842656635030798e-01 -3.304102877993971010e-02
-1.083005954586534069e-05 -2.204610370547455860e-05 -3.071825190761211219e-06 -5.773213338665765935e-07 -2.516087461449495055e-06 2.994993749341015677e-06 -2.102753195531988182e-04 -3.979705046871908421e-04 1.966764518546736172e-05 8.421660459813531323e-07 -3.391628106014354193e-06 -8.949635094133214855e-06 6.614804748721924948e-06 -3.584454368296231359e-06 -5.997933355460983887e-06 1.886230451041361113e-06 -7.944396956279308356e-06 5.144735685283024850e-06 2.773893229350078432e-06 -3.684159629318744964e-07 -5.816796540950143479e-02 8.358591348390839726e-02 2.115257388975280749e-04 -1.878898022718326292e-03 -3.941400421263814915e-03 8.161367374477939860e-04 3.990337304763055988e-03 -2.253653338110239712e-02 5.467405119841709654e-02 1.385821396908504810e-01 7.206383833357532520e-01 -3.188367424569389375e-01 -1.062585583521257360e-04 -6.151942514192458610e-05 -8.087630606753321851e-05 -3.447828467692044422e-06 2.326400764182764058e-04 -7.488568761885881558e-04 9.450981093817586521e-04 4.085645027059404792e-03 1.775455204359930022e-03 -1.207788719831267297e-03 -1.971992897833886374e-05
-9.442968719716829688e-05 2.865863934195801948e-04 1.206458454602612703e-04 1.710550271097459001e-05 5.868170469589496302e-05 -5.383841728302469814e-05 -1.354585554389976148e-03 -1.138461626207014745e-03 5.270026035769022647e-04 1.979872978328861547e-05 6.307149714336669527e-05 4.271719445861260124e-05 -5.384102076500892926e-05 1.916802586103819844e-05 -3.954483623655551908e-05 2.075031247885873294e-05 4.715967091945808578e-05 -2.058644420935234169e-05 3.935692449865348824e-05 -8.153333287404496856e-06 -1.101228697246105392e+00 2.115257388975280749e-04 4.557497009213751227e+00 -3.625498255345063203e+00 -7.379520750838948484e-02 4.638295842138770442e-02 5.198726324006043287e-01 6.316357749222798468e-01 -6.600928991611644037e+00 -9.309009668485916933e-01 9.284053433396209698e+00 -1.746493052307070082e+00 2.455552843753312829e-04 -2.586868360917323568e-04 1.589996143700845698e-03 6.333495862954590240e-05 -7.558124156061434874e-04 -4.792656000983367207e-03 5.985117765307264477e-03 2.561386354611607311e-02 2.066266601221467339e-02 -2.215816714965950993e-02 -1.507552044106243291e-03
-6.613015840266742336e-04 -5.866351155644575904e-04 -1.002071290805133387e-04 -1.433155804154722042e-05 -9.012783457329060215e-05 -1.108719031535100575e-04 4.347076977921853803e-03 -4.900318914194187877e-04 -1.963709055570880477e-04 -5.875382041452018532e-05 -6.618900086077379968e-05 -2.194500128773850184e-05 1.545262172889514437e-04 -2.907731594302426174e-05 6.360456854493528895e-05 -2.757995712544871952e-05 -4.742459861892177829e-05 9.121252664662213880e-05 -2.881618748492967736e-05 -4.172778374498753962e-06 6.457057829668579885e-01 -1.878898022718326292e-03 -3.625498255345063203e+00 7.333023248861989529e+00 6.052269409171082137e-02 -5.598736261144781484e-02 -3.883397601271239563e-01 -4.316563989852972849e-01 3.945052828685247537e+00 2.444582327220993889e+00 -5.871956999226319418e+00 1.717419676872117495e+00 -4.377135949689525793e-04 6.390946728191770985e-04 -1.254800832358556354e-03 5.705698438369844914e-04 9.998878353731021577e-04 5.592276008645944395e-03 2.038929898637647890e-03 1.588218004373238845e-02 -1.891176173194426130e-02 1.518741810485076289e-02 -8.112449858142627146e-03
7.819042785364417819e-04 1.574912662520394592e-03 2.139232394603590443e-04 2.552984128541337206e-05 6.547575517678551804e-05 -5.663121612281591108e-06 -4.309528979951324809e-04 -7.487907575918442032e-05 -5.810109426352349192e-04 8.751441371109529169e-05 -4.821545118680634572e-05 1.126941810612852569e-04 4.218290936338831205e-05 -1.934273414920596835e-05 -1.387258888101147451e-05 3.438413407398291507e-05 3.315930566713253420e-05 -1.998567848884959250e-05 1.071723171179591536e-04 -1.754947144197905692e-06 1.008753189483752172e-01 -3.941400421263814915e-03 -7.379520750838948484e-02 6.052269409171082137e-02 3.558664557856844546e+00 3.991610083386046837e-01 9.834738044289159653e-02 6.776826316351525215e-02 -9.230116122892059849e+00 7.764915668390572456e+00 1.510852911182001490e+00 -1.558962989984977066e+00 -2.555163801884695850e-04 2.253496572274682626e-04 -1.153004920451139144e-03 -6.507323892761207812e-04 -2.629617919837218005e-04 8.750449101048192804e-03 -2.124022072743658469e-03 -1.055096334530917189e-02 1.170790305948451841e-02 -6.814706674151115376e-03 1.065927827247114754e-02
2.000539265730840778e-04 5.410381391949008103e-04 6.644517483822865735e-05 9.530431427327538347e-06 1.028932380578187807e-05 7.303198117912037288e-05 1.886633177216160556e-03 8.315393028963649538e-04 9.457940118965880896e-05 -9.319292696725829783e-06 6.451799749947593802e-07 -4.888267710387708402e-06 6.036029852479747024e-05 1.963731310274938053e-05 -2.412581185945965114e-05 -3.869969636691560490e-05 -8.549116651874915968e-06 -4.700162116116509255e-05 -1.002921576151567605e-04 -1.785505426669073447e-05 2.007841017395012861e-01 8.161367374477939860e-04 4.638295842138770442e-02 -5.598736261144781484e-02 3.991610083386046837e-01 3.356662134885772808e+00 2.479877490085870662e+00 2.261733820121597294e+00 8.528480297709611690e+00 -1.499974550838309462e+01 5.532015141161275018e+00 -7.030426183315870992e-01 -5.962614232125225615e-06 -2.693608883128227778e-04 -1.165315837185350008e-03 3.224001314308634018e-04 4.399964702862721173e-04 2.812807162546186214e-03 -2.274671367816478908e-03 -3.711737344106197378e-02 5.734885369455376344e-03 -6.084299063045776543e-03 -1.652585190131694928e-03
-1.256955118016406681e-04 1.963633269737142888e-04 7.690322688748809157e-05 5.326411066053117923e-06 1.657935798836113810e-05 -1.531335102854009829e-05 4.248236087063509032e-03 9.122909914216052480e-04 -7.371712988424918836e-04 -7.397310905700820696e-05 -1.762248474942077858e-04 2.502736274807083509e-05 2.757348337684382882e-06 -5.418291625516764165e-05 -1.501059237622106191e-04 -8.509920406167351679e-05 4.540884019854515380e-06 -3.191079134392529534e-05 -6.590535690545443648e-05 2.489749795506203097e-04 -2.033489885149243648e+01 3.990337304763055988e-03 5.198726324006043287e-01 -3.883397601271239563e-01 9.834738044289159653e-02 2.479877490085870662e+00 1.885954388898860756e+01 3.232099245970466939e+01 2.882299477242269425e+00 4.579392946907649531e+01 -5.531735963119584198e+01 4.803829493662886030e+00 9.386068527714812293e-05 -4.417726712215775580e-04 -3.347044069652322946e-03 -2.342151298294468335e-03 -2.879917700648199248e-03 1.398000684248936788e-02 5.393614299803050141e-03 -1.623691248895257205e-02 -1.911455695075397034e-03 -1.592640020997733441e-02 -5.472958712149982204e-03
2.207236113146073247e-03 1.108283634150923749e-04 2.419427167402553647e-05 -5.180812965656162473e-06 1.950421074252261654e-04 -2.017954431753632980e-04 -5.095382483670484602e-03 4.740565885421168212e-03 -1.455072102677605747e-03 -3.314790708494495732e-05 -4.461917973769439030e-04 1.102318012710458065e-04 -2.112222571308263201e-04 -1.368406569441361594e-04 -1.705146717393265989e-04 -2.641482488901639777e-04 -6.560065490424737951e-06 6.112798302504360553e-04 5.694056594038398000e-05 5.151260756140890740e-04 -6.315002684563953750e+01 -2.253653338110239712e-02 6.316357749222798468e-01 -4.316563989852972849e-01 6.776826316351525215e-02 2.261733820121597294e+00 3.232099245970466939e+01 8.522761945782103510e+01 -1.003990049619593528e+01 7.676689370992815498e+01 -4.716623445778228074e+01 -1.973630333906183765e+01 6.997934115100496550e-04 -1.977461658749275850e-03 -8.294822145138608036e-03 -4.105430528712348398e-03 -3.299334566567937652e-03 3.423309156187848146e-02 6.323786094981012282e-03 -3.173760792613834064e-02 -1.611506376083156333e-02 8.580636005517998377e-03 8.031972261351891587e-03
-3.434335491988673578e-02 -3.998867981725643533e-02 5.519049172485209973e-03 2.868253594870624518e-04 2.906739833817004355e-03 5.178041307068285710e-04 2.112108776608047356e-01 1.379051744432873983e-01 1.482478703164770775e-02 1.255465275584273163e-03 -1.325745883433924240e-03 1.668544350982472790e-03 -3.462386675746330442e-03 -2.048350879699927917e-03 -2.366766168814081386e-03 -2.242265333939297452e-03 -8.062094889286552718e-04 4.992013043196929329e-04 3.857513636103922488e-03 -1.519035526442609192e-04 4.383335748331322179e+01 5.467405119841709654e-02 -6.600928991611644037e+00 3.945052828685247537e+00 -9.230116122892059849e+00 8.528480297709611690e+00 2.882299477242269425e+00 -1.003990049619593528e+01 1.256753177887800666e+04 6.495669113648352777e+02 -1.865533189686858151e+01 -5.517884891963402794e+01 2.702741495216618231e-02 -1.480066473661356859e-02 -1.447517155403109206e-02 1.925514223715217577e-02 2.292533475365757245e-02 2.200344028389534037e-02 3.146126946504168576e-01 1.315898462346023035e+00 -8.799443070183695648e-01 9.666012608115126525e-01 -2.018004177522910170e-01
-3.410412611665666893e-02 -2.477286224081497873e-02 -1.994961617588281687e-03 -3.211287451473498621e-04 -1.935803676422015234e-03 -8.913643644492358310e-04 -3.305912631853255568e-02 -1.123765938090776073e-01 -1.484425261521077691e-02 -4.783516222880628368e-04 -8.727639861285100458e-04 -1.313136354564863268e-03 -2.255358714829874388e-03 4.308902043369289801e-03 3.378062005457914754e-03 3.608060763524165940e-03 8.449351096268221603e-04 1.300441192830943974e-03 -4.854654573751356235e-03 -1.349299129050900809e-03 -2.075096689619997790e+02 1.385821396908504810e-01 -9.309009668485916933e-01 2.444582327220993889e+00 7.764915668390572456e+00 -1.499974550838309462e+01 4.579392946907649531e+01 7.676689370992815498e+01 6.495669113648352777e+02 1.264967352369690707e+04 1.264013370931902728e+03 -3.947914318943601302e+02 -2.007851187364103132e-03 2.644269203137293578e-02 6.335150941005546384e-03 -8.778438135245890395e-03 4.563484602550039321e-02 1.328051957889923029e-01 -3.136445038559506071e-01 -1.671687276503602826e+00 -1.583265960267590811e-01 -1.877784242466900011e-01 1.039133631909602978e-01
-1.317137655697934659e-02 -9.639838158469134916e-03 -1.116863476816614895e-03 1.103308577619955828e-04 -1.408643499342116488e-03 -5.728054015094015232e-03 -5.431662190512456106e-02 -5.621899837593450494e-02 -7.017916093095099249e-03 3.656804697145970770e-03 1.194569382143559995e-03 -2.301218630279541506e-03 1.579430629743821483e-03 3.743402075318741427e-04 -7.373779018153947106e-04 4.526565483447186553e-03 -3.512340122395550806e-03 1.062124131178731733e-03 -2.542408952806719498e-04 1.627984304078597443e-03 7.904275203663532920e+02 7.206383833357532520e-01 9.284053433396209698e+00 -5.871956999226319418e+00 1.510852911182001490e+00 5.532015141161275018e+00 -5.531735963119584198e+01 -4.716623445778228074e+01 -1.865533189686858151e+01 1.264013370931902728e+03 1.187645534978655451e+04 9.900140344737936857e+02 -1.004788468035909370e-02 5.008016799661376556e-02 2.189867506881815196e-02 9.280994867510500290e-02 1.429768962045527628e-02 1.232776762495435968e-01 -3.665588155370269607e-01 -2.048946558967204012e+00 -2.435539500928980139e-01 3.381770037506386939e-01 -1.221020223025246487e-01
5.240873554808125716e-03 4.692010519752105218e-04 -1.304818549355603666e-03 -4.929612509621395097e-04 1.235917286307598511e-03 -1.734471765758206427e-03 -1.831381959018593408e-01 -1.736040695847499912e-02 -3.675419877451035350e-02 -2.980878576348278738e-03 -3.741260332967562101e-03 -4.764285688608957230e-03 3.438352492037854459e-03 -2.618244800310032261e-03 2.742010907222747033e-03 4.770990639874434164e-04 7.187300739715594803e-05 8.712433074393067124e-04 4.600932155468305074e-04 1.469518726017687518e-05 -6.113972320759049808e+02 -3.188367424569389375e-01 -1.746493052307070082e+00 1.717419676872117495e+00 -1.558962989984977066e+00 -7.030426183315870992e-01 4.803829493662886030e+00 -1.973630333906183765e+01 -5.517884891963402794e+01 -3.947914318943601302e+02 9.900140344737936857e+02 1.307883404012096616e+04 1.844275857075188332e-02 1.991831045030287295e-02 -3.812517562686023459e-02 1.856967434726923202e-02 3.862547859528281391e-02 2.312859009466039506e-01 5.283270153621361098e-01 2.994341247464838762e+00 -4.394421693416808994e-01 2.340410531007448836e-01 -1.144468893220963873e-01
2.318432510705349501e-05 9.721623567839779656e-06 1.750093536928715126e-06 1.676626541578154724e-07 2.717624797734341661e-06 2.004370716052628590e-06 -4.413684269033053966e-05 7.687218118143055454e-05 1.639028912494440187e-06 -1.025667787986167973e-06 2.696496631631142771e-07 -9.313407188717124277e-08 -1.179890869806113145e-06 -2.751056412558390986e-07 -7.206910527751151727e-08 -1.383800671669277990e-06 -1.558282388600901725e-06 4.430228001445056588e-08 -6.640674776485900118e-08 -7.827392606235225209e-08 -6.348702082319346990e-03 -1.062585583521257360e-04 2.455552843753312829e-04 -4.377135949689525793e-04 -2.555163801884695850e-04 -5.962614232125225615e-06 9.386068527714812293e-05 6.997934115100496550e-04 2.702741495216618231e-02 -2.007851187364103132e-03 -1.004788468035909370e-02 1.844275857075188332e-02 1.511208392896852418e-03 2.654881945072169497e-04 -4.032771966479186602e-05 -4.019423828073254113e-04 -1.644234524903830138e-05 -1.535587962476773940e-04 1.809732585981582308e-04 5.274281027793874645e-04 9.954843418554054117e-06 3.485133873123724159e-05 -1.559259112131361773e-04
2.008638126898766064e-06 1.382046120111934846e-06 1.542159566576990162e-07 -5.606347121264651471e-08 4.487291733496068004e-07 -2.390292641102955157e-07 -3.865661474602756509e-05 1.518070815847146905e-06 1.283892245236364621e-05 -2.465466673814210277e-07 -6.125591403904211802e-07 -1.141712637649209681e-06 -7.052578602467702077e-07 2.521355592835355610e-07 -8.768186642290940996e-07 -5.029858217968967635e-07 -1.087435302496550520e-06 -4.986366252956286431e-07 -7.989966186221608753e-08 -1.757296329117079505e-07 9.105956502552844944e-03 -6.151942514192458610e-05 -2.586868360917323568e-04 6.390946728191770985e-04 2.253496572274682626e-04 -2.693608883128227778e-04 -4.417726712215775580e-04 -1.977461658749275850e-03 -1.480066473661356859e-02 2.644269203137293578e-02 5.008016799661376556e-02 1.991831045030287295e-02 2.654881945072169497e-04 8.987212940425824952e-04 -3.519552793255303170e-05 7.195152168395082615e-04 -1.060238204789865379e-05 -9.623161794733731003e-05 1.219049138179048542e-04 3.703602577870553992e-04 2.079379557560274332e-04 -1.233947019186935835e-04 -1.396635950937032860e-04
1.036684748559702332e-05 1.071444358441600074e-05 2.133308168320085235e-06 4.614753465492579116e-07 5.528087967241110610e-07 1.518835172894303603e-06 -8.149993832767102905e-05 6.830809357952840081e-05 2.842136349569679359e-05 1.351397842862766265e-06 1.527267151255024606e-06 1.785159106621024193e-06 -3.715761210943088776e-06 -1.401681144491130729e-06 1.254033339443250755e-06 1.285901188091866138e-06 2.773187205769165253e-06 -1.809298570590095544e-06 2.792812879786099402e-07 -5.750903456040353188e-07 1.171992776745619386e-02 -8.087630606753321851e-05 1.589996143700845698e-03 -1.254800832358556354e-03 -1.153004920451139144e-03 -1.165315837185350008e-03 -3.347044069652322946e-03 -8.294822145138608036e-03 -1.447517155403109206e-02 6.335150941005546384e-03 2.189867506881815196e-02 -3.812517562686023459e-02 -4.032771966479186602e-05 -3.519552793255303170e-05 8.121565428704836248e-03 2.689601103447341314e-06 -9.369858302914912899e-06 -2.858409701676955161e-04 -1.643431217841065709e-04 -4.637226220319400787e-04 3.046647629070925434e-04 1.169725368989526826e-04 -1.668717058000919234e-04
4.919365793908904227e-06 -4.171263060811781580e-06 -2.369981988927437612e-07 -3.021620036081661228e-07 2.677178553469418870e-06 -2.279685554837038242e-06 -7.158954722394424044e-05 8.506886433733566494e-05 9.769868075730224317e-06 -3.943472884026514586e-06 -5.049390200340804888e-06 4.169438707056429083e-07 -8.149809780606590834e-08 5.726553010984742455e-07 -7.391860040776356522e-07 -6.842060804690988947e-07 -1.088100441909262996e-06 -4.189733577622813852e-08 2.000099988605444148e-07 4.251821351249730032e-08 9.239738348164232631e-03 -3.447828467692044422e-06 6.333495862954590240e-05 5.705698438369844914e-04 -6.507323892761207812e-04 3.224001314308634018e-04 -2.342151298294468335e-03 -4.105430528712348398e-03 1.925514223715217577e-02 -8.778438135245890395e-03 9.280994867510500290e-02 1.856967434726923202e-02 -4.019423828073254113e-04 7.195152168395082615e-04 2.689601103447341314e-06 3.267504445837128568e-03 7.423280788532199181e-06 1.282660095174509361e-04 1.463632152701636413e-04 1.284907718858487773e-03 3.869905794980703861e-04 -3.461702465637302357e-04 1.072715641015277606e-04
