# logA ns H0 omegabh2 omegach2 w w_growth omegam_growth DES_DZ_S1 DES_DZ_S2 DES_DZ_S3 DES_DZ_S4 DES_M1 DES_M2 DES_M3 DES_M4 DES_A1_1 DES_A1_2
1.124179393504071492e-02 8.096023755462839085e-05 -8.739820132930620211e-02 -1.057593510780405372e-07 -7.034951101275910192e-04 1.910370592549449605e-03 1.697891181057833640e-03 -2.305444391081209923e-04 9.952418726912754394e-06 -6.648690417584178551e-07 -9.489461627876785170e-06 -2.669101341398474036e-06 2.452429823076725400e-06 -6.390872054548438942e-07 -5.671673404827866210e-06 -2.859654096420255446e-07 -3.378872903648516904e-03 -7.832562730489583264e-03
8.096023755462839085e-05 5.200199378112297516e-04 -3.805152646840165211e-03 6.518183294001764240e-07 -3.099323437652971934e-05 1.139341079451186610e-04 -1.183749583057894743e-04 9.956032976040408796e-06 4.888359789053854145e-07 1.650808912436384883e-07 2.714762912507373126e-06 4.852316240335782649e-07 -1.480547083889519550e-06 -9.889014534199750794e-07 6.983003926496049118e-07 7.561164903754246393e-07 -5.255248200921405777e-05 -4.900534267735908106e-04
-8.739820132930620211e-02 -3.805152646840165211e-03 2.480605969313053549e+00 1.935062453212644965e-04 1.332839586110992972e-02 -5.334074216344304037e-02 1.007411088762988904e-01 -9.577792628168000158e-03 3.141425091673943383e-05 3.054199884133643503e-05 -3.763958978639241775e-04 -1.553490248137915307e-04 3.886240775823536796e-05 -5.221033752511326288e-05 -1.815454048932734746e-04 -1.119807263394820176e-04 1.846589149095326232e-01 3.718967238029796674e-02
-1.057593510780405372e-07 6.518183294001764240e-07 1.935062453212644965e-04 2.731456422332091357e-07 4.206386738226601471e-07 3.419517974674146660e-07 -1.865503581899165802e-07 -5.491790499464358530e-07 -4.503817367606705113e-08 -1.477125969125960809e-08 -2.108024444517602511e-08 2.778896701474371037e-09 -1.122351140254348803e-09 -1.359105848022529573e-08 1.428748209726632918e-08 -8.754653140567490862e-10 1.226549166529265440e-06 5.976496745462259151e-07
-7.034951101275910192e-04 -3.099323437652971934e-05 1.332839586110992972e-02 4.206386738226601471e-07 1.033518118869145301e-04 -2.684750303696301034e-04 8.525638694527416577e-04 -7.900387421597012490e-05 1.239260688765152815e-07 5.495842379025669609e-07 -2.527107776744482835e-06 -6.529492064232049892e-07 2.134906086635490373e-07 -5.446304940689709473e-07 -1.587682552480590910e-06 -1.148656744463491040e-06 1.608823446711560865e-03 -4.447643438748380006e-05
1.910370592549449605e-03 1.139341079451186610e-04 -5.334074216344304037e-02 3.419517974674146660e-07 -2.684750303696301034e-04 2.466977283690123882e-03 -2.318713211376090266e-03 2.230171223570910080e-04 -2.184982618002013916e-06 -1.214777672229857321e-06 8.563536883425284556e-06 3.027772864798443616e-06 1.236938220876895212e-07 -5.651440060090448991e-07 3.318784095023656255e-06 1.887983293494404691e-06 -4.289233009330918785e-03 -3.758726037367949007e-03
1.697891181057833640e-03 -1.183749583057894743e-04 1.007411088762988904e-01 -1.865503581899165802e-07 8.525638694527416577e-04 -2.318713211376090266e-03 2.866453079886072813e-02 2.595479894887588873e-04 5.828951133202529059e-07 7.275868325382363650e-06 2.857347203306454791e-06 1.011227938117171666e-05 6.475342550306125170e-07 -7.280633231189215475e-06 8.295345753491716671e-07 -1.971451205867648053e-06 -2.135169576056554638e-04 6.377689569867409092e-03
-2.305444391081209923e-04 9.956032976040408796e-06 -9.577792628168000158e-03 -5.491790499464358530e-07 -7.900387421597012490e-05 2.230171223570910080e-04 2.595479894887588873e-04 2.097265464522124392e-03 -5.447372649055164637e-07 -3.992032033058313675e-06 1.211807453397084620e-06 1.230133787053059776e-06 -1.737758288126445080e-06 -7.160530165969544550e-07 1.232856497704009040e-06 6.478045946967819078e-07 -6.007652878902823394e-03 -1.677096562775229728e-03
9.952418726912754394e-06 4.888359789053854145e-07 3.141425091673943383e-05 -4.503817367606705113e-08 1.239260688765152815e-07 -2.184982618002013916e-06 5.828951133202529059e-07 -5.447372649055164637e-07 2.445893940321807502e-05 8.172964997301796686e-07 1.736892562161528720e-07 -2.542009455010572313e-07 -3.308498714497778135e-07 -4.620842307156612979e-08 1.333529418497151176e-07 -1.088388844992711188e-07 2.033906356696202290e-04 -1.035207505913569078e-03
-6.648690417584175374e-07 1.650808912436384883e-07 3.054199884133642826e-05 -1.477125969125960809e-08 5.495842379025669609e-07 -1.214777672229857533e-06 7.275868325382363650e-06 -3.992032033058312828e-06 8.172964997301796686e-07 2.464220425574038898e-05 4.352061360844757636e-07 2.067673602576192179e-07 2.321227045703469533e-08 -1.831586396385222016e-07 3.088387442444551923e-07 -9.414640348504722747e-09 1.478834082695046229e-04 -1.495975923523380627e-04
-9.489461627876785170e-06 2.714762912507373126e-06 -3.763958978639241775e-04 -2.108024444517602511e-08 -2.527107776744483682e-06 8.563536883425284556e-06 2.857347203306454791e-06 1.211807453397085044e-06 1.736892562161528720e-07 4.352061360844757636e-07 2.500966101554594678e-05 2.104814648452676309e-07 -2.593376935175663938e-07 2.371294882872012400e-07 -3.908955133921871224e-07 -1.341958709321955863e-08 -2.735939194223570227e-04 5.473052135974931055e-05
-2.669101341398474036e-06 4.852316240335782649e-07 -1.553490248137915307e-04 2.778896701474371037e-09 -6.529492064232049892e-07 3.027772864798443616e-06 1.011227938117171666e-05 1.230133787053059776e-06 -2.542009455010572313e-07 2.067673602576192179e-07 2.104814648452676309e-07 2.482557648173103822e-05 2.857905213100398443e-07 3.425844833785070329e-08 3.232986131734138769e-08 -2.982098302113849470e-07 -5.304264299945640504e-05 2.643016339616227161e-04
2.452429823076727517e-06 -1.480547083889520397e-06 3.886240775823530019e-05 -1.122351140254350457e-09 2.134906086635488785e-07 1.236938220876889124e-07 6.475342550306113524e-07 -1.737758288126445715e-06 -3.308498714497779194e-07 2.321227045703470526e-08 -2.593376935175664996e-07 2.857905213100397914e-07 2.525032491860236945e-05 2.151472419425277741e-07 1.125580641812668259e-07 -2.418689033787879184e-07 2.470556498277479254e-05 -1.219566934246582790e-04
-6.390872054548402943e-07 -9.889014534199748676e-07 -5.221033752511331031e-05 -1.359105848022528249e-08 -5.446304940689707355e-07 -5.651440060090445814e-07 -7.280633231189212934e-06 -7.160530165969524433e-07 -4.620842307156612979e-08 -1.831586396385221486e-07 2.371294882872013988e-07 3.425844833785068344e-08 2.151472419425277741e-07 2.495185466486842709e-05 2.166659604036049292e-07 2.469145975341828949e-07 1.813929732426124375e-05 5.143244228595511168e-05
-5.671673404827865363e-06 6.983003926496052294e-07 -1.815454048932734204e-04 1.428748209726633415e-08 -1.587682552480591333e-06 3.318784095023654985e-06 8.295345753491683848e-07 1.232856497704008828e-06 1.333529418497152234e-07 3.088387442444551923e-07 -3.908955133921872813e-07 3.232986131734136784e-08 1.125580641812667862e-07 2.166659604036049292e-07 2.461287692710588602e-05 4.011755505401432761e-07 -7.937362290303191694e-05 1.613100880482948502e-04
-2.859654096420301503e-07 7.561164903754245334e-07 -1.119807263394820583e-04 -8.754653140567538425e-10 -1.148656744463491464e-06 1.887983293494406173e-06 -1.971451205867654406e-06 6.478045946967818020e-07 -1.088388844992709468e-07 -9.414640348504735982e-09 -1.341958709321953877e-08 -2.982098302113850529e-07 -2.418689033787878655e-07 2.469145975341828949e-07 4.011755505401432761e-07 2.466964408040395415e-05 -7.511523078682275788e-06 2.450871625684180439e-04
-3.378872903648516904e-03 -5.255248200921381382e-05 1.846589149095326232e-01 1.226549166529270311e-06 1.608823446711560431e-03 -4.289233009330917917e-03 -2.135169576056550030e-04 -6.007652878902823394e-03 2.033906356696202290e-04 1.478834082695047584e-04 -2.735939194223570227e-04 -5.304264299945635083e-05 2.470556498277478916e-05 1.813929732426124375e-05 -7.937362290303191694e-05 -7.511523078682273247e-06 3.661828268447735457e-01 7.142468436173795565e-01
-7.832562730489579794e-03 -4.900534267735905938e-04 3.718967238029796674e-02 5.976496745462234799e-07 -4.447643438748407111e-05 -3.758726037367950308e-03 6.377689569867409959e-03 -1.677096562775229512e-03 -1.035207505913568644e-03 -1.495975923523380085e-04 5.473052135974933088e-05 2.643016339616227161e-04 -1.219566934246582519e-04 5.143244228595509812e-05 1.613100880482948773e-04 2.450871625684180439e-04 7.142468436173795565e-01 6.922176170657563965e+00
