# logA ns theta_MC_100 omegabh2 omegach2 tau A_planck calib_100T calib_217T A_cib_217 xi_sz_cib A_sz ksz_norm gal545_A_100 gal545_A_143 gal545_A_143_217 gal545_A_217 ps_A_100_100 ps_A_143_143 ps_A_143_217 ps_A_217_217 galf_TE_A_100 galf_TE_A_100_143 galf_TE_A_100_217 galf_TE_A_143 galf_TE_A_143_217 galf_TE_A_217
3.540449935815359757e-04 2.199085839095042333e-05 1.462460260189131046e-06 6.441940803388333259e-07 5.008573071582024328e-06 1.442267579041853318e-04 1.353992776594440402e-05 1.885145846911027751e-07 -3.404201338240124509e-08 -6.986244446794138106e-03 7.285781261098291058e-07 -9.156273466727357863e-04 -1.086193696062553489e-04 -8.915087761900369976e-04 -7.637812944463991723e-04 -1.632032977350519149e-03 -7.575228086159024020e-05 -8.997667538967443757e-02 -9.193998993380288198e-02 -4.728879000264409049e-02 2.825149848794357779e-02 -1.386802594381794056e-06 -5.335511202386397501e-08 -1.220997523541036464e-05 7.779593907856928033e-06 -1.182284642532268384e-05 5.168528536211480822e-05
2.199085839095042333e-05 8.530566233707258196e-05 3.609199644563858905e-06 2.061595089873899731e-06 -1.219336945159756676e-05 1.414186908423553376e-05 -7.036313809121024795e-07 1.368019597766431526e-07 3.166105436699984673e-08 -1.106403189200452775e-03 3.548777354527607279e-05 -3.957426624330405841e-04 -2.247777996620032876e-04 8.528081578598406889e-04 -4.468402930487855258e-05 -7.514827783489335224e-04 -1.271538688574610967e-03 -9.343094469087022402e-02 -5.561802402939032552e-02 -2.186574514624005372e-02 -8.307846140378296468e-03 -6.462955282566986056e-06 -3.594024589363802307e-06 3.930031449580896581e-06 -1.573299551659211945e-05 -7.521174300627316448e-06 -8.599536785562789532e-05
1.462460260189131046e-06 3.609199644563858905e-06 7.250143417701164024e-07 1.479677846606058420e-07 -4.557799787130349772e-07 5.636099354618613688e-07 -7.582866536546976832e-08 5.500879973616591012e-09 1.814443873022318675e-09 5.863053420868108147e-05 5.764707371683417099e-07 4.975473943392264425e-06 1.161034054239768063e-05 3.324126624536135862e-05 7.629613638409800787e-06 -3.273921899896884769e-05 -9.407365287641756603e-05 8.959185424866966197e-04 1.991627763624676558e-04 6.160527002968937873e-04 1.852733563216897778e-04 -4.754456355403407208e-07 -5.943012150833523117e-07 -8.895361076946014504e-07 -1.326904070602688609e-06 -3.693166231361550999e-07 -9.105305216762291703e-06
6.441940803388333259e-07 2.061595089873899731e-06 1.479677846606058420e-07 8.219401421297502529e-08 -3.875890123581676248e-07 4.591542781625398381e-07 -2.401158550282670654e-08 7.264622264812064712e-09 1.057249675288623472e-10 -7.796738814199194337e-05 -8.399367223723193768e-08 -2.716600981687472294e-06 -3.493647538365570383e-07 1.465556673138552921e-05 -8.507338034748442083e-07 -1.707494433321377627e-06 -7.251498929143186449e-06 -4.254482931025653134e-04 -5.539720506214043270e-04 -2.302703725580216264e-04 1.302648197143183126e-04 -1.562788590427948415e-07 -1.496267565449015446e-07 -5.363016119167712993e-08 -6.395598893493514982e-07 -3.822192442044692548e-07 -3.153240509152176276e-06
5.008573071582024328e-06 -1.219336945159756676e-05 -4.557799787130349772e-07 -3.875890123581676248e-07 4.572390870076145472e-06 -3.228091528341671737e-06 1.139685828851154017e-07 -2.506814738051240947e-08 8.549102395095828663e-09 -4.482896440055326483e-04 2.828333672529436092e-07 -2.169227140003110246e-05 -4.547642109595701642e-05 -1.491278007363035544e-04 -1.988581307636063089e-05 -6.646310584260539526e-05 6.787236482491507291e-05 -3.105631655369570868e-03 -4.180339485626165079e-03 -2.760762474076308096e-03 1.212741164711509442e-03 7.452965033590405411e-07 3.001529905536334311e-07 -9.636000249261120032e-07 3.160976894275822021e-06 1.183770307137763947e-06 2.639571693102695944e-05
1.442267579041853318e-04 1.414186908423553376e-05 5.636099354618613688e-07 4.591542781625398381e-07 -3.228091528341671737e-06 7.455657434264982401e-05 1.815598329874357441e-07 -1.434951023135390441e-08 -4.777982292444484790e-08 -4.918354759382380760e-04 -5.292709418393519884e-06 -1.365500288842401997e-04 1.412101158034944639e-04 -7.893060921246020090e-05 -1.129975738848090885e-04 -3.064465741900564361e-04 -7.547630087568128580e-04 3.654831468791746620e-03 -2.230068184852344350e-03 -1.618169078312210697e-03 6.607218710712791342e-03 -1.291801153912403046e-06 1.166636462650843070e-06 -2.142862971199588798e-06 2.931568865149234550e-06 -4.399199104877600974e-06 -6.831809248330092816e-07
1.353992776594440402e-05 -7.036313809121024795e-07 -7.582866536546976832e-08 -2.401158550282670654e-08 1.139685828851154017e-07 1.815598329874357441e-07 6.454093573583671818e-06 -3.958932420571282905e-09 9.597639272477497558e-09 1.131598536308988691e-03 -1.488214039438438227e-06 -6.590425122247778849e-07 -3.837980819417353799e-05 -2.112267558726057854e-05 -1.993168379266744308e-05 -5.014946278700649471e-05 6.985436802934246034e-04 -8.738681429191420998e-04 -8.010869776089742491e-04 1.353785591560679059e-03 1.854918495159941149e-03 4.225283697650265775e-07 -3.003244389414383530e-07 -1.590609215914204710e-06 -2.577800162632547972e-07 -5.317404724281990707e-07 4.370968301037102003e-06
1.885145846911027751e-07 1.368019597766431526e-07 5.500879973616591012e-09 7.264622264812064712e-09 -2.506814738051240947e-08 -1.434951023135390441e-08 -3.958932420571282905e-09 4.236561969570881911e-07 -2.281816358807388160e-09 -8.738917459319766809e-04 2.079709209199137468e-06 7.694558199407251233e-05 -6.139234266931207205e-05 1.137218138221977463e-04 -1.178256655918852411e-04 -3.662466148368272330e-05 9.511889246018324895e-05 8.749860763362621308e-03 -8.926763895250549793e-03 -4.907185453004876338e-03 9.726197037325600521e-04 -8.644013502654094209e-08 5.765328294578477713e-08 -6.249727908512032609e-08 1.581215412696160604e-07 -7.352709838533002346e-08 -1.003333776698109849e-06
-3.404201338240124509e-08 3.166105436699984673e-08 1.814443873022318675e-09 1.057249675288623472e-10 8.549102395095828663e-09 -4.777982292444484790e-08 9.597639272477497558e-09 -2.281816358807388160e-09 4.101846946914025199e-07 1.323430497147692810e-03 1.366056009553290940e-06 -2.059369598826524088e-05 2.623114725088183707e-05 2.233900873389103222e-06 -3.387713434457965820e-05 2.641181227926744468e-04 5.241384169143212647e-04 -9.720100692975423536e-04 -2.126161931684744221e-03 1.613707840071026446e-03 7.127926906340681249e-04 8.026541462136182771e-08 4.148773264301442893e-08 1.753884947718883670e-07 -2.644502392475511847e-07 -5.893743033004635319e-07 2.939050627193344225e-08
-6.986244446794138106e-03 -1.106403189200452775e-03 5.863053420868108147e-05 -7.796738814199194337e-05 -4.482896440055326483e-04 -4.918354759382380760e-04 1.131598536308988691e-03 -8.738917459319766809e-04 1.323430497147692810e-03 3.408259313075361661e+02 -7.261294607167148585e-02 2.761776727802418563e+00 -1.962939700579259705e+00 1.359881630565688004e+00 -8.890715732889507839e-02 -3.122443870486862849e+01 -1.044572841275011825e+02 2.433245149673716412e+02 3.168230452655035947e+02 5.557029913908909293e+02 -1.160303156381045483e+03 -8.999569565044129339e-04 4.549352125355421786e-04 1.238329405137674789e-02 -8.176108354394653888e-03 -5.271932659940162420e-03 -1.170963422981351199e-02
7.285781261098291058e-07 3.548777354527607279e-05 5.764707371683417099e-07 -8.399367223723193768e-08 2.828333672529436092e-07 -5.292709418393519884e-06 -1.488214039438438227e-06 2.079709209199137468e-06 1.366056009553290940e-06 -7.261294607167148585e-02 8.270799864248852551e-02 -1.068349102206564731e-03 5.035512065025062392e-03 6.846039922066030027e-04 6.202755202369828261e-03 2.137285170203146595e-02 -1.891112975665059509e-02 -1.253685011981363395e+00 6.352932690998266407e-01 1.908638725133670722e+00 -7.619151327322885026e-01 3.300372207453789375e-05 2.616295462254463285e-05 -6.040970154207297971e-05 -3.084521185895558394e-05 -1.307639501856365744e-04 -6.540409566585541788e-04
-9.156273466727357863e-04 -3.957426624330405841e-04 4.975473943392264425e-06 -2.716600981687472294e-06 -2.169227140003110246e-05 -1.365500288842401997e-04 -6.590425122247778849e-07 7.694558199407251233e-05 -2.059369598826524088e-05 2.761776727802418563e+00 -1.068349102206564731e-03 4.563383798694024662e+00 -3.472932989483065391e+00 -1.501030307737938052e-01 1.126078205834028373e-01 8.197315022606466162e-01 5.271974060499283743e-01 -2.847476915744295667e+01 8.118770255674677472e+00 3.148976424952482844e+01 -4.292628193363318800e+00 -3.207681542419397796e-04 1.783154936695679419e-04 8.570596456224466395e-04 2.010070502680301983e-04 -1.113972557543294484e-03 -1.606232966872743299e-03
-1.086193696062553489e-04 -2.247777996620032876e-04 1.161034054239768063e-05 -3.493647538365570383e-07 -4.547642109595701642e-05 1.412101158034944639e-04 -3.837980819417353799e-05 -6.139234266931207205e-05 2.623114725088183707e-05 -1.962939700579259705e+00 5.035512065025062392e-03 -3.472932989483065391e+00 6.946054000922359251e+00 1.231608766196871096e-01 -1.058822597531180604e-01 -6.634293451587541801e-01 -5.335802085097396397e-01 1.944457275567872401e+01 -7.202529764211639041e+00 -2.533513173888141878e+01 1.981882608684884639e+00 5.467191892684691509e-04 6.349425069054255057e-04 -1.752646473452152548e-04 5.896396622901558604e-04 1.128183436226070941e-03 -2.024502931375613858e-03
-8.915087761900369976e-04 8.528081578598406889e-04 3.324126624536135862e-05 1.465556673138552921e-05 -1.491278007363035544e-04 -7.893060921246020090e-05 -2.112267558726057854e-05 1.137218138221977463e-04 2.233900873389103222e-06 1.359881630565688004e+00 6.846039922066030027e-04 -1.501030307737938052e-01 1.231608766196871096e-01 3.482751660957240425e+00 4.676207182957338726e-01 1.710089076421530130e-01 2.567158459751704008e-02 -1.456482791309023916e+01 1.309046477926158580e+01 8.855848480082046947e+00 -7.285762407116423978e-01 -8.036676213342408819e-04 5.533454954141071126e-05 3.184434972396616771e-04 -5.739669881238364160e-04 1.740680951820085839e-04 4.959527212587472832e-03
-7.637812944463991723e-04 -4.468402930487855258e-05 7.629613638409800787e-06 -8.507338034748442083e-07 -1.988581307636063089e-05 -1.129975738848090885e-04 -1.993168379266744308e-05 -1.178256655918852411e-04 -3.387713434457965820e-05 -8.890715732889507839e-02 6.202755202369828261e-03 1.126078205834028373e-01 -1.058822597531180604e-01 4.676207182957338726e-01 3.367724735909924050e+00 2.512563060893202582e+00 2.303675492798154423e+00 1.198783995937753311e+01 -2.128191818537978719e+01 -5.298031054550857988e+00 5.510534414149647731e+00 2.059802558035216244e-04 -3.003349613191979932e-04 7.609755523806955441e-04 3.359713238693328948e-04 2.856384693944764722e-04 1.002880761620855894e-04
-1.632032977350519149e-03 -7.514827783489335224e-04 -3.273921899896884769e-05 -1.707494433321377627e-06 -6.646310584260539526e-05 -3.064465741900564361e-04 -5.014946278700649471e-05 -3.662466148368272330e-05 2.641181227926744468e-04 -3.122443870486862849e+01 2.137285170203146595e-02 8.197315022606466162e-01 -6.634293451587541801e-01 1.710089076421530130e-01 2.512563060893202582e+00 1.783886506116708404e+01 3.207381751276155768e+01 2.366674662688505038e+01 4.581424517981533029e+01 -9.535295809241442555e+01 3.754626323753795702e+01 9.887586363212489023e-04 5.442102314775693669e-04 1.069317778518037981e-03 -1.319314693559817250e-03 -3.004365511011244765e-03 4.964060644877454562e-03
-7.575228086159024020e-05 -1.271538688574610967e-03 -9.407365287641756603e-05 -7.251498929143186449e-06 6.787236482491507291e-05 -7.547630087568128580e-04 6.985436802934246034e-04 9.511889246018324895e-05 5.241384169143212647e-04 -1.044572841275011825e+02 -1.891112975665059509e-02 5.271974060499283743e-01 -5.335802085097396397e-01 2.567158459751704008e-02 2.303675492798154423e+00 3.207381751276155768e+01 8.580659299556593567e+01 7.587697454004356246e+00 6.659812610504266672e+01 -1.604983353629386329e+02 1.131046966345759301e+02 1.260906260352555276e-03 2.030301545406955474e-04 -1.470194182424056735e-03 1.323046398094430715e-03 -4.409789480942632837e-03 1.255040201427905407e-03
-8.997667538967443757e-02 -9.343094469087022402e-02 8.959185424866966197e-04 -4.254482931025653134e-04 -3.105631655369570868e-03 3.654831468791746620e-03 -8.738681429191420998e-04 8.749860763362621308e-03 -9.720100692975423536e-04 2.433245149673716412e+02 -1.253685011981363395e+00 -2.847476915744295667e+01 1.944457275567872401e+01 -1.456482791309023916e+01 1.198783995937753311e+01 2.366674662688505038e+01 7.587697454004356246e+00 8.144835543295025673e+03 3.586973799345995758e+03 1.529651535760653587e+03 -2.026110705736139153e+02 -1.201338148697478000e-02 -1.458741774951224663e-03 3.524255214936514342e-03 3.340923807115808025e-02 -5.011406846611235477e-03 -1.263086628549496826e-01
-9.193998993380288198e-02 -5.561802402939032552e-02 1.991627763624676558e-04 -5.539720506214043270e-04 -4.180339485626165079e-03 -2.230068184852344350e-03 -8.010869776089742491e-04 -8.926763895250549793e-03 -2.126161931684744221e-03 3.168230452655035947e+02 6.352932690998266407e-01 8.118770255674677472e+00 -7.202529764211639041e+00 1.309046477926158580e+01 -2.128191818537978719e+01 4.581424517981533029e+01 6.659812610504266672e+01 3.586973799345995758e+03 7.580163639783044346e+03 3.993491439812007684e+03 1.284530109020295470e+02 -1.469482109270680778e-02 1.289913735672587949e-02 -5.494585276341693849e-04 -1.415332626256318380e-02 1.684850376946052386e-02 2.861755196375691257e-02
-4.728879000264409049e-02 -2.186574514624005372e-02 6.160527002968937873e-04 -2.302703725580216264e-04 -2.760762474076308096e-03 -1.618169078312210697e-03 1.353785591560679059e-03 -4.907185453004876338e-03 1.613707840071026446e-03 5.557029913908909293e+02 1.908638725133670722e+00 3.148976424952482844e+01 -2.533513173888141878e+01 8.855848480082046947e+00 -5.298031054550857988e+00 -9.535295809241442555e+01 -1.604983353629386329e+02 1.529651535760653587e+03 3.993491439812007684e+03 6.723995763351463211e+03 2.746359850604308122e+03 -1.330088852945667498e-02 -1.133395865480535045e-02 -9.864434873483884231e-03 -1.048691646646650842e-02 1.598680214188690982e-02 -9.068795435426051099e-02
2.825149848794357779e-02 -8.307846140378296468e-03 1.852733563216897778e-04 1.302648197143183126e-04 1.212741164711509442e-03 6.607218710712791342e-03 1.854918495159941149e-03 9.726197037325600521e-04 7.127926906340681249e-04 -1.160303156381045483e+03 -7.619151327322885026e-01 -4.292628193363318800e+00 1.981882608684884639e+00 -7.285762407116423978e-01 5.510534414149647731e+00 3.754626323753795702e+01 1.131046966345759301e+02 -2.026110705736139153e+02 1.284530109020295470e+02 2.746359850604308122e+03 1.221753564959953292e+04 9.596831731332038443e-03 -1.004610805351214414e-02 -9.660455141110757538e-02 -1.224550540648982819e-02 3.649931510681179297e-02 1.509071718785762461e-01
-1.386802594381794056e-06 -6.462955282566986056e-06 -4.754456355403407208e-07 -1.562788590427948415e-07 7.452965033590405411e-07 -1.291801153912403046e-06 4.225283697650265775e-07 -8.644013502654094209e-08 8.026541462136182771e-08 -8.999569565044129339e-04 3.300372207453789375e-05 -3.207681542419397796e-04 5.467191892684691509e-04 -8.036676213342408819e-04 2.059802558035216244e-04 9.887586363212489023e-04 1.260906260352555276e-03 -1.201338148697478000e-02 -1.469482109270680778e-02 -1.330088852945667498e-02 9.596831731332038443e-03 1.479104609468452234e-03 2.629843331539172832e-04 3.889819014157157469e-05 -3.983671376655670456e-04 -6.317328481697156160e-05 2.161112451341643692e-05
-5.335511202386397501e-08 -3.594024589363802307e-06 -5.943012150833523117e-07 -1.496267565449015446e-07 3.001529905536334311e-07 1.166636462650843070e-06 -3.003244389414383530e-07 5.765328294578477713e-08 4.148773264301442893e-08 4.549352125355421786e-04 2.616295462254463285e-05 1.783154936695679419e-04 6.349425069054255057e-04 5.533454954141071126e-05 -3.003349613191979932e-04 5.442102314775693669e-04 2.030301545406955474e-04 -1.458741774951224663e-03 1.289913735672587949e-02 -1.133395865480535045e-02 -1.004610805351214414e-02 2.629843331539172832e-04 8.935376577947249602e-04 2.908712177071218417e-05 7.342164529660010711e-04 2.105073746608580789e-05 -6.440703948203539871e-04
-1.220997523541036464e-05 3.930031449580896581e-06 -8.895361076946014504e-07 -5.363016119167712993e-08 -9.636000249261120032e-07 -2.142862971199588798e-06 -1.590609215914204710e-06 -6.249727908512032609e-08 1.753884947718883670e-07 1.238329405137674789e-02 -6.040970154207297971e-05 8.570596456224466395e-04 -1.752646473452152548e-04 3.184434972396616771e-04 7.609755523806955441e-04 1.069317778518037981e-03 -1.470194182424056735e-03 3.524255214936514342e-03 -5.494585276341693849e-04 -9.864434873483884231e-03 -9.660455141110757538e-02 3.889819014157157469e-05 2.908712177071218417e-05 7.587044169865500391e-03 -2.022727926379208792e-04 3.056807647853191810e-04 3.543363201509924960e-03
7.779593907856928033e-06 -1.573299551659211945e-05 -1.326904070602688609e-06 -6.395598893493514982e-07 3.160976894275822021e-06 2.931568865149234550e-06 -2.577800162632547972e-07 1.581215412696160604e-07 -2.644502392475511847e-07 -8.176108354394653888e-03 -3.084521185895558394e-05 2.010070502680301983e-04 5.896396622901558604e-04 -5.739669881238364160e-04 3.359713238693328948e-04 -1.319314693559817250e-03 1.323046398094430715e-03 3.340923807115808025e-02 -1.415332626256318380e-02 -1.048691646646650842e-02 -1.224550540648982819e-02 -3.983671376655670456e-04 7.342164529660010711e-04 -2.022727926379208792e-04 3.053314711309462835e-03 3.105495959614504612e-04 -1.100171333262896060e-03
-1.182284642532268384e-05 -7.521174300627316448e-06 -3.693166231361550999e-07 -3.822192442044692548e-07 1.183770307137763947e-06 -4.399199104877600974e-06 -5.317404724281990707e-07 -7.352709838533002346e-08 -5.893743033004635319e-07 -5.271932659940162420e-03 -1.307639501856365744e-04 -1.113972557543294484e-03 1.128183436226070941e-03 1.740680951820085839e-04 2.856384693944764722e-04 -3.004365511011244765e-03 -4.409789480942632837e-03 -5.011406846611235477e-03 1.684850376946052386e-02 1.598680214188690982e-02 3.649931510681179297e-02 -6.317328481697156160e-05 2.105073746608580789e-05 3.056807647853191810e-04 3.105495959614504612e-04 6.993334475552170047e-03 6.796707333483994681e-03
5.168528536211480822e-05 -8.599536785562789532e-05 -9.105305216762291703e-06 -3.153240509152176276e-06 2.639571693102695944e-05 -6.831809248330092816e-07 4.370968301037102003e-06 -1.003333776698109849e-06 2.939050627193344225e-08 -1.170963422981351199e-02 -6.540409566585541788e-04 -1.606232966872743299e-03 -2.024502931375613858e-03 4.959527212587472832e-03 1.002880761620855894e-04 4.964060644877454562e-03 1.255040201427905407e-03 -1.263086628549496826e-01 2.861755196375691257e-02 -9.068795435426051099e-02 1.509071718785762461e-01 2.161112451341643692e-05 -6.440703948203539871e-04 3.543363201509924960e-03 -1.100171333262896060e-03 6.796707333483994681e-03 1.259503426478671695e-01
