# logA ns theta_MC_100 omegabh2 omegach2 tau w w_growth omegam_growth A_planck calib_100T calib_217T A_cib_217 xi_sz_cib A_sz ksz_norm gal545_A_100 gal545_A_143 gal545_A_143_217 gal545_A_217 ps_A_100_100 ps_A_143_143 ps_A_143_217 ps_A_217_217 galf_TE_A_100 galf_TE_A_100_143 galf_TE_A_100_217 galf_TE_A_143 galf_TE_A_143_217 galf_TE_A_217 DES_DZ_S1 DES_DZ_S2 DES_DZ_S3 DES_DZ_S4 DES_A1_1 DES_A1_2 DES_A2_1 DES_A2_2 DES_BTA_1 DES_M1 DES_M2 DES_M3 DES_M4
2.850944468262398045e-04 1.033238044410260466e-05 5.674782634223421638e-07 3.917199673288851082e-07 -1.993954744921462514e-07 1.254006784431589239e-04 -3.402939130315865365e-05 3.546633720833037456e-04 -3.142095044618527699e-05 1.329726465907614356e-05 4.553233288717615238e-07 -1.666968019807669954e-08 -8.376380387888377344e-04 1.671262276151569458e-05 -8.534350403338014472e-04 -7.623361369385210293e-04 -1.416330391195646122e-03 -1.332607400373884629e-03 -1.500751757071070369e-03 2.264344776536402675e-04 -5.949822870315180784e-02 -9.052986932627765659e-02 -8.478441166625740044e-02 -7.546358194667568409e-02 7.823338331134499033e-06 3.155648901596660756e-06 1.522116557099112712e-05 -1.017229806643774448e-05 8.283894480040710829e-06 3.903714930200183179e-05 -5.143634316901261817e-08 -5.364594501337808510e-07 -3.216910965623622427e-07 -2.353655317100236317e-07 1.962554159298696176e-04 1.443421801074432228e-04 1.545600645271956366e-04 -4.781503012755759330e-04 1.280461658586398515e-05 -4.563687540467851596e-07 -5.995301709420449542e-07 6.876082895211580790e-07 -4.618269413264618714e-07
1.033238044410260466e-05 4.870091440699240396e-05 1.588482425521756628e-06 1.010913475573350670e-06 -8.938886886800676687e-06 1.321590003012041872e-05 9.786091481729536378e-05 -2.780426353421801711e-04 1.724994458828401202e-05 4.067608294671008322e-08 9.930667655124645439e-08 -4.334297200713489343e-08 -3.054532132725155946e-03 3.709399997723605825e-05 -3.609178619035658124e-04 -4.672215910339653448e-04 5.009224287858289994e-04 -1.702825203863773073e-04 -7.508606945769888104e-04 -4.087312576535686334e-04 -6.947504308282877183e-02 -6.828744422059147834e-02 -5.281484838058498471e-02 -3.819391752972183668e-02 -4.862284874187900699e-06 1.047430979145099663e-06 3.586941568478692551e-06 -1.280739355220303452e-05 -1.766892764424617853e-05 -1.016902800375607644e-04 -6.100120011073651321e-07 -2.676772434236291588e-07 5.218022708087053445e-07 8.977203556449582939e-08 -2.632808974564098195e-04 -3.254078356352638353e-04 1.698528851593873962e-04 -6.628769443675924680e-05 -3.838598140580146676e-05 -2.498461109349738150e-07 -1.670091613166206892e-07 5.502329258726519289e-07 4.151535904556290358e-07
5.674782634223421638e-07 1.588482425521756628e-06 2.583950709864774348e-07 5.044816906658109804e-08 -4.028026846374921126e-07 6.825896283762800934e-07 5.684707996738742078e-06 -1.417741959433177489e-05 1.058456596047099270e-06 -4.122075631403971906e-08 -1.669798527881277033e-10 -5.425292146295367661e-09 -1.423757409781301498e-04 -1.464715454180043076e-06 6.819801039587787051e-06 -1.837997820367449828e-06 2.235067629050686993e-05 -1.183074236505642798e-05 -1.633687529809029222e-05 1.494781959829523545e-05 -1.316389884816267838e-03 -1.048551076280509467e-03 -6.882964465491864334e-04 -3.532645700511791100e-04 -5.576974385646436985e-07 -3.039422920732060499e-07 -2.330890587759730791e-07 -8.991431454507238236e-07 -8.665862375309794786e-07 -5.707371417139365459e-06 4.213211172892558674e-08 -1.237138349820435159e-08 5.117419688267082796e-08 -2.349606437614324899e-08 -1.371147007236151344e-05 -1.171801731731904884e-05 -3.555632986160777852e-05 2.912802980305102214e-06 -1.466074746960305296e-06 -1.817034682159382910e-08 7.618714124748650128e-09 -6.985789755940419540e-09 4.590266527827732226e-08
3.917199673288851082e-07 1.010913475573350670e-06 5.044816906658109804e-08 4.445616948811744853e-08 -2.494569970522920263e-07 3.894092128771569241e-07 2.843395851578052177e-06 -8.551429944531493030e-06 4.194887144457365300e-07 -6.023202386344814337e-09 6.533315978768641380e-09 -1.315045083714165985e-09 -1.327632469219917942e-04 1.088982351451840309e-06 -1.171807364535590005e-05 -8.091667189391432827e-06 2.075594441191157690e-06 -6.581691149749892663e-06 -2.987214529663799351e-05 -2.924719297731272492e-05 -1.289523854088411858e-03 -1.696151905501508753e-03 -1.181965965494665219e-03 -4.821147897036226568e-04 -1.152694234657711859e-07 2.361114963346175882e-08 1.798136616968016079e-07 -4.943712693799091495e-07 -3.728909424497315892e-07 -3.316036711014857348e-06 -9.120278493512832119e-09 3.837249383746356197e-10 8.013969470935050447e-09 5.904129291921636828e-09 -7.476712186186025245e-06 -4.148718945456700035e-06 4.047103764082246335e-06 -1.342189647940646720e-05 -1.692330709159062615e-06 -1.100178358650637507e-08 7.232471753553425105e-10 6.962972749187413794e-09 1.866852519445036004e-08
-1.993954744921462514e-07 -8.938886886800676687e-06 -4.028026846374921126e-07 -2.494569970522920263e-07 2.877057423111040280e-06 -3.455152528359324218e-06 -2.799183446564870378e-05 9.586130320894439816e-05 -5.411134202534354054e-06 1.783635889292360481e-07 -1.149496239940169459e-08 2.285215493199801275e-08 2.409690530067621500e-04 -2.470223967271825040e-06 -2.351060852211223361e-05 -1.530262526286544001e-05 -9.389788015084304885e-05 1.748656846836761904e-05 5.685914561574553463e-05 2.073134055311673613e-04 2.255979097233853752e-03 2.286213719682398792e-03 1.073768565130879061e-03 -8.032327455969018965e-04 2.102320666715492941e-06 6.829610045250961171e-07 -3.930345719882680456e-07 3.693457420050990111e-06 4.202817224727633097e-06 2.925848336684695535e-05 2.222283281207344039e-07 3.856629842590102199e-08 -2.162374131750859671e-07 -2.091646955174879889e-08 9.512643512538750037e-05 6.396278648948891402e-05 -5.414461234025189768e-05 -4.472283297593064217e-07 1.832305121929026732e-05 1.290566088898641704e-07 -2.925209192028674415e-08 -8.714423928058885814e-08 -1.803919976695827284e-07
1.254006784431589239e-04 1.321590003012041872e-05 6.825896283762800934e-07 3.894092128771569241e-07 -3.455152528359324218e-06 6.560406899491641941e-05 1.911767114977430267e-05 4.873931825835405317e-05 -8.549352326445600219e-06 3.970404630000862906e-07 6.779372912255230130e-08 -5.147272362793018846e-08 7.900151346404379361e-04 -7.154388458767246587e-06 -1.651599196830556046e-04 -4.559673346807016300e-05 -4.126543941054436836e-04 -5.483455076180298541e-04 -4.969464634858542515e-04 -1.068570261627509394e-03 -1.108661811977532975e-02 -1.832897957761914220e-02 -2.324455013444934326e-02 -2.557459274323991422e-02 1.141474808836869916e-07 -4.429243338387740516e-07 3.608549097150492300e-06 -1.254562477412773350e-05 -1.432710815963867180e-06 -1.663746128456501598e-05 -5.037092946864485057e-07 -2.145240919775477757e-08 6.703101357236338374e-08 -2.327312337787986922e-07 -1.966295908511674756e-05 1.153632104232329117e-05 1.025731532764219590e-04 -1.397556163715447117e-04 9.871714608328454301e-07 -2.414636607307990975e-07 -2.729770633782682251e-07 3.198197485336477506e-07 -1.035392007652428197e-07
-3.402939130315865365e-05 9.786091481729536378e-05 5.684707996738742078e-06 2.843395851578052177e-06 -2.799183446564870378e-05 1.911767114977430267e-05 1.497845787268784054e-03 -4.162361084901275302e-04 5.029651655486036950e-05 -6.808201490292879002e-06 9.543502639748550567e-08 1.127173166869192465e-07 1.701739056947845817e-03 2.291176294835722100e-04 -3.566303608124170321e-04 4.214877286401263285e-04 8.371164249072468111e-04 -7.444711312985251338e-04 -2.182672366403687423e-03 -5.169573414292018450e-03 -6.243771623171975871e-02 -6.367670176974551954e-02 -3.772263937822430135e-02 -4.509374414357746053e-02 -1.622153781942189070e-05 4.914305689743450449e-06 -1.643532539732181377e-05 -4.959654842053916963e-05 -8.686393714466746226e-05 -4.387676811293285666e-04 -1.395817343531891333e-06 -5.271176011914957305e-06 5.106379590671478392e-06 -4.970549787739366766e-07 4.400736430666790894e-04 9.783601653649701482e-04 -2.436801785613204043e-05 -4.264554416929137526e-04 -9.094613906828456383e-05 -1.472567115605409308e-06 2.686140915881308004e-06 6.125869447093248058e-07 2.918333284782728438e-06
3.546633720833037456e-04 -2.780426353421801711e-04 -1.417741959433177489e-05 -8.551429944531493030e-06 9.586130320894439816e-05 4.873931825835405317e-05 -4.162361084901275302e-04 1.870397395350412856e-02 1.545433894925575188e-03 1.927681500449335311e-05 7.796780610645645155e-07 1.485159954185526034e-06 1.318537588414769174e-02 2.025494776965247942e-05 -2.147931430965382364e-03 -4.777202588635686017e-04 -1.020999228645844093e-03 -1.188644903255309075e-03 1.998645468531369367e-03 1.312655833315025215e-02 -1.080078471631331222e-01 -1.454952292405656267e-01 -1.733186466699286887e-01 -2.577854594861548887e-01 3.077656296470432498e-05 2.432205095328505358e-05 4.280649067982534700e-05 9.697159925092441245e-05 1.642816975727279965e-04 5.728850799392304479e-04 -2.146085463447499340e-05 5.695456842383322087e-06 3.721541156915265507e-05 2.528230224862292906e-05 -3.206116130129931657e-02 -2.228450248046554352e-02 1.371704075775163770e-03 6.436061277531297288e-03 8.099155921044976208e-04 -1.549977981258398777e-07 -3.411990114430229248e-06 3.436908939834997878e-05 1.760794197263702024e-05
-3.142095044618527699e-05 1.724994458828401202e-05 1.058456596047099270e-06 4.194887144457365300e-07 -5.411134202534354054e-06 -8.549352326445600219e-06 5.029651655486036950e-05 1.545433894925575188e-03 1.994174015810317065e-03 -1.470970488143552886e-06 3.012660800577220841e-07 6.831071965758593725e-08 6.198357503657205177e-04 3.937656676897440108e-05 5.945021174862817788e-04 1.246706593208280335e-04 6.943687502004149224e-04 -9.540955199770941161e-04 1.485177607446194975e-03 1.113264569154492510e-03 -4.434316917317500384e-02 -2.404959762476404500e-02 -3.643127566029447095e-02 -3.782390879879288931e-02 -6.494143504449971993e-05 -2.953648911662687293e-05 -1.306681824718833502e-05 -1.011864451152475913e-05 -1.053406436250949431e-05 -5.800387334795091093e-05 2.930808984371780486e-06 -1.506385455695707714e-06 -1.640251392231585432e-06 -2.518239143915805766e-07 3.022898874378534845e-03 1.126076540481607980e-03 -4.893255064496318876e-04 7.570892164455341996e-04 4.301986955457230851e-04 -1.940189272918971155e-06 -1.734653511922792119e-06 -2.933276483558899727e-06 -4.033529581137147395e-06
1.329726465907614356e-05 4.067608294671008322e-08 -4.122075631403971906e-08 -6.023202386344814337e-09 1.783635889292360481e-07 3.970404630000862906e-07 -6.808201490292879002e-06 1.927681500449335311e-05 -1.470970488143552886e-06 6.019357895251786224e-06 2.301300603728985549e-08 7.519800565542631681e-09 9.997635684729311387e-04 1.985828374807738579e-06 3.946300971876288836e-05 -1.117689382411388659e-04 4.259510009720489268e-05 4.532988272956048743e-05 3.837584159175120137e-05 8.428468120345380954e-04 8.573749353930351039e-04 -9.761231247644575190e-04 4.803319649693785654e-04 -1.114407719314180470e-03 1.194095324176825867e-06 5.661700392846919320e-07 3.943771380439268096e-06 2.370157181563825980e-06 9.431447939230011975e-07 1.917496379831258181e-06 1.565544656105197551e-07 -2.125561462565259277e-07 1.343051171452378392e-08 1.364653252730867433e-07 8.507809555475890349e-06 -2.372945811703895249e-05 -1.074355760576108471e-05 1.612337805129865850e-05 -1.335418242368265885e-05 -1.245074817964809512e-07 5.787689358331051466e-08 1.216269834307590279e-07 4.134263094019911644e-08
4.553233288717615238e-07 9.930667655124645439e-08 -1.669798527881277033e-10 6.533315978768641380e-09 -1.149496239940169459e-08 6.779372912255230130e-08 9.543502639748550567e-08 7.796780610645645155e-07 3.012660800577220841e-07 2.301300603728985549e-08 4.215833821515645087e-07 8.248021333299077472e-10 -8.739471785894844819e-04 4.329828585275485041e-06 1.107171714678351331e-04 -7.157747737568296534e-05 1.523452213363673310e-04 -1.549685373543544648e-04 -9.324682041486581196e-05 1.121248178938911224e-04 3.120504301262877565e-03 -7.870613134404434025e-03 -5.044416750962329131e-03 -1.803321623408439111e-03 -6.755648026972392446e-08 -1.024840455662956138e-07 2.632916873930462126e-07 1.838283265184206802e-07 -5.234503140709628516e-07 -3.648320765611118194e-07 -4.922659227813904123e-08 -3.685054454391709556e-08 -2.167879002487962512e-08 3.781567100051226662e-08 2.076253786739259647e-06 -3.541661191695710349e-06 -1.604282215085352719e-05 3.319006588082210559e-06 -9.286602323966004665e-07 -2.909070091860980140e-08 -6.107052848035877831e-09 4.004613415923075559e-09 2.715225042991459075e-08
-1.666968019807669954e-08 -4.334297200713489343e-08 -5.425292146295367661e-09 -1.315045083714165985e-09 2.285215493199801275e-08 -5.147272362793018846e-08 1.127173166869192465e-07 1.485159954185526034e-06 6.831071965758593725e-08 7.519800565542631681e-09 8.248021333299077472e-10 4.093214735916941356e-07 1.089523433070198419e-03 -5.114322784672479567e-09 -2.748057358423066724e-05 2.352389196695513899e-05 -5.514262004034646721e-06 -1.665954078983170245e-05 3.157729133024916022e-04 5.710719441001800133e-04 -4.766196334830246750e-04 -1.718072359238425858e-03 4.378283710866654344e-04 6.868769302515902783e-04 2.173993484391032217e-07 1.789762235726324043e-07 3.706367136856172434e-07 -9.629861055528211898e-08 -3.626518500282154837e-07 1.297229238690821879e-06 -1.002464893981707599e-08 5.833513502522515660e-08 -8.405668460523871838e-09 -8.091877055410636642e-09 -5.976529675297611638e-07 2.614100800637285683e-05 2.523929873596521869e-05 9.742898343966858095e-08 3.921151463036953132e-06 1.572785731776334577e-08 -1.361532950062293546e-08 -4.718226033302177846e-08 -2.439158003288912741e-08
-8.376380387888377344e-04 -3.054532132725155946e-03 -1.423757409781301498e-04 -1.327632469219917942e-04 2.409690530067621500e-04 7.900151346404379361e-04 1.701739056947845817e-03 1.318537588414769174e-02 6.198357503657205177e-04 9.997635684729311387e-04 -8.739471785894844819e-04 1.089523433070198419e-03 1.943388241844036770e+02 -1.730790935255745733e-01 1.023926503627364148e+00 -5.266300855562989769e-01 8.850917348947222596e-01 2.607612551553508198e-02 -1.557839005276334277e+01 -7.799795152456015046e+01 9.508781348950704171e+01 9.080454216673213352e+01 -1.028144542361836322e+01 -6.626436271659650856e+02 7.917753364934282043e-03 7.862600717262460334e-03 -7.697788186136062839e-03 6.792351048503812369e-03 -6.569141997002075212e-03 2.853735608558790812e-02 -3.020415397512924522e-04 4.235476630507322413e-04 3.481403260935064022e-04 8.843995883146969132e-05 2.524095922292833236e-02 4.480082311566203623e-01 3.769065276378799068e-01 3.298526633067244695e-01 1.956975383813651381e-02 -4.288384602500786794e-04 4.949308411448157799e-04 -2.992920523662004535e-04 -4.825891404187995911e-04
1.671262276151569458e-05 3.709399997723605825e-05 -1.464715454180043076e-06 1.088982351451840309e-06 -2.470223967271825040e-06 -7.154388458767246587e-06 2.291176294835722100e-04 2.025494776965247942e-05 3.937656676897440108e-05 1.985828374807738579e-06 4.329828585275485041e-06 -5.114322784672479567e-09 -1.730790935255745733e-01 8.222111672781017011e-02 9.543328041904677872e-03 2.976687050943225112e-04 -1.164303332409861655e-02 7.179178569743171513e-03 5.747606163747755875e-02 2.409573196754929633e-02 -9.640885128757216149e-01 6.075661957240363620e-01 1.753068607315385163e+00 -1.472368881552972054e-03 -7.978071090418306730e-05 -7.975609860428915576e-06 6.669476078998590955e-05 -8.152238379478226043e-05 -6.598775427047977793e-05 -9.246601590957371272e-04 4.325599805391199376e-06 3.200829408151679327e-06 -5.314138747062653041e-06 2.115483876432173519e-05 -1.027031198579204810e-03 7.246808556237743781e-03 1.565546159460004527e-02 -5.114498362201546841e-03 -5.883151582601814974e-05 -2.427980165123617924e-06 -1.132322829676849479e-06 5.652103722295997579e-07 -3.633966118152850459e-06
-8.534350403338014472e-04 -3.609178619035658124e-04 6.819801039587787051e-06 -1.171807364535590005e-05 -2.351060852211223361e-05 -1.651599196830556046e-04 -3.566303608124170321e-04 -2.147931430965382364e-03 5.945021174862817788e-04 3.946300971876288836e-05 1.107171714678351331e-04 -2.748057358423066724e-05 1.023926503627364148e+00 9.543328041904677872e-03 4.454180274583822374e+00 -3.302889374502475217e+00 -2.314333429755507099e-01 2.331867414987004727e-01 1.326034792447444932e+00 1.158257191255009255e+00 -2.022239259863821204e+01 1.369003878251289130e+01 3.683851677493695576e+01 2.247455804146476055e+01 3.200978223569209309e-04 -1.258027918498367311e-04 1.273999251225751625e-03 -1.656149592276495415e-03 -1.290368909451404663e-03 -4.529214422467564560e-03 -6.224992811161897789e-05 6.325238340396640896e-05 -6.237576664757078315e-06 2.306995919705161528e-04 1.705781479897466868e-02 2.110759378689421734e-02 -2.249756751676527597e-02 -3.818426357148536204e-02 7.274909909520424663e-03 -2.102146789318229560e-05 7.561270956527726961e-05 -1.950058515676810224e-05 9.720112731030850156e-05
-7.623361369385210293e-04 -4.672215910339653448e-04 -1.837997820367449828e-06 -8.091667189391432827e-06 -1.530262526286544001e-05 -4.559673346807016300e-05 4.214877286401263285e-04 -4.777202588635686017e-04 1.246706593208280335e-04 -1.117689382411388659e-04 -7.157747737568296534e-05 2.352389196695513899e-05 -5.266300855562989769e-01 2.976687050943225112e-04 -3.302889374502475217e+00 6.702880256707549833e+00 2.271438598458034031e-01 -1.897340631865352123e-01 -1.030289199693508406e+00 -1.006318369431386417e+00 1.460842665503408000e+01 -1.143309035260917383e+01 -2.965965477375232240e+01 -2.001962283932484610e+01 8.180370962886542770e-06 2.894127466197379448e-04 9.582492573923954765e-05 7.034162967764834903e-04 3.040502115055243593e-03 3.258950946117935340e-03 1.050910281408359078e-04 -2.368972856569797179e-05 -6.437083045906681145e-05 -3.007033262229557506e-04 -1.503104144668131713e-02 -9.549950504563539666e-02 -1.257321935098642575e-02 3.152375464517667703e-02 1.405859086578383800e-02 9.759370192313275534e-06 -1.039771503588496766e-04 -8.351475383365440761e-05 -9.607043832675021496e-05
-1.416330391195646122e-03 5.009224287858289994e-04 2.235067629050686993e-05 2.075594441191157690e-06 -9.389788015084304885e-05 -4.126543941054436836e-04 8.371164249072468111e-04 -1.020999228645844093e-03 6.943687502004149224e-04 4.259510009720489268e-05 1.523452213363673310e-04 -5.514262004034646721e-06 8.850917348947222596e-01 -1.164303332409861655e-02 -2.314333429755507099e-01 2.271438598458034031e-01 3.370685019664291016e+00 4.760573313513468130e-01 3.622549095962485088e-02 -2.192383523999187345e-01 -5.038857314549887612e+00 7.200924492052258152e+00 5.989902062647372460e+00 3.054790613714620573e+00 -1.375618095273519869e-03 2.896594699862471310e-04 -1.472015753452826084e-03 -3.221988140532455963e-04 -6.146043420370665700e-04 -1.138270901798179094e-02 3.447302331428203718e-05 -8.561515544427274161e-05 -5.737468117295244498e-05 5.695699678053194271e-05 -1.017820987389243294e-02 -6.947202426915864704e-02 4.000940583199903006e-02 5.842546585378046581e-02 -4.428066075537900187e-03 3.364929128049401035e-05 -8.199688613569466726e-06 -3.342808175238103443e-05 -1.277261197887092693e-04
-1.332607400373884629e-03 -1.702825203863773073e-04 -1.183074236505642798e-05 -6.581691149749892663e-06 1.748656846836761904e-05 -5.483455076180298541e-04 -7.444711312985251338e-04 -1.188644903255309075e-03 -9.540955199770941161e-04 4.532988272956048743e-05 -1.549685373543544648e-04 -1.665954078983170245e-05 2.607612551553508198e-02 7.179178569743171513e-03 2.331867414987004727e-01 -1.897340631865352123e-01 4.760573313513468130e-01 3.291408242503594206e+00 2.645972377736489189e+00 2.590502444935441684e+00 3.212108850539229454e+00 -1.151028583381595283e+01 -5.688116754845306211e+00 -8.545678427573294433e-01 3.336799897936817776e-04 -3.218808628604510869e-04 2.139227901690263743e-03 -7.185412500931586972e-04 -1.931366877944101649e-03 -6.562908591220249083e-03 6.102206387154712958e-05 -3.628769244492718936e-05 -8.674287460172442124e-05 1.314503232911854314e-04 -8.208427789757910889e-03 1.009109703380709072e-01 -3.838681946333341588e-02 8.491814980877895880e-02 -1.703487426329178180e-03 1.025191682418744781e-04 1.379579220697119867e-05 -2.144969953151554227e-05 3.533618323296104603e-05
-1.500751757071070369e-03 -7.508606945769888104e-04 -1.633687529809029222e-05 -2.987214529663799351e-05 5.685914561574553463e-05 -4.969464634858542515e-04 -2.182672366403687423e-03 1.998645468531369367e-03 1.485177607446194975e-03 3.837584159175120137e-05 -9.324682041486581196e-05 3.157729133024916022e-04 -1.557839005276334277e+01 5.747606163747755875e-02 1.326034792447444932e+00 -1.030289199693508406e+00 3.622549095962485088e-02 2.645972377736489189e+00 1.568412935746984438e+01 2.823177681508896697e+01 1.285533441510570185e+01 2.753487240502500910e+01 -3.523116506371794543e+01 -1.318441856166310044e+00 5.840379997866177852e-04 -7.352362465367405725e-04 4.253818610185185721e-03 -8.562199083147532417e-04 -1.045070671010790058e-03 7.269412728028023553e-03 2.256541324879397727e-04 1.978222996565796919e-04 -2.311023495881354148e-04 2.808292540106729733e-04 5.126121349125881826e-03 1.156286684910730889e-01 -2.413925643254854689e-02 1.568548079052932143e-01 1.810255516662630931e-02 1.175960649249281354e-04 -3.706853953735642028e-05 1.399619520786157855e-04 1.486569427468087542e-04
2.264344776536402675e-04 -4.087312576535686334e-04 1.494781959829523545e-05 -2.924719297731272492e-05 2.073134055311673613e-04 -1.068570261627509394e-03 -5.169573414292018450e-03 1.312655833315025215e-02 1.113264569154492510e-03 8.428468120345380954e-04 1.121248178938911224e-04 5.710719441001800133e-04 -7.799795152456015046e+01 2.409573196754929633e-02 1.158257191255009255e+00 -1.006318369431386417e+00 -2.192383523999187345e-01 2.590502444935441684e+00 2.823177681508896697e+01 7.734487140421971674e+01 3.120675326326765919e+00 3.381691600110688967e+01 -4.536340796860959301e+01 1.248859431951589158e+02 7.363891194751010362e-05 -3.677844509877028177e-03 7.225789364994190944e-03 -2.758693856577152520e-03 -1.610140633757356412e-03 1.011931341677702826e-03 5.596304402606498566e-04 4.777024650220097648e-04 -5.991905865333238502e-04 6.347658059963422845e-04 3.970233826513147948e-03 -1.242199616874862904e-02 -1.121356129119320810e-01 2.656940640540700338e-01 3.065753889221858874e-02 1.859371578062569183e-04 -2.191740828274176532e-04 2.533310413838910828e-04 2.924840269611986006e-04
-5.949822870315180784e-02 -6.947504308282877183e-02 -1.316389884816267838e-03 -1.289523854088411858e-03 2.255979097233853752e-03 -1.108661811977532975e-02 -6.243771623171975871e-02 -1.080078471631331222e-01 -4.434316917317500384e-02 8.573749353930351039e-04 3.120504301262877565e-03 -4.766196334830246750e-04 9.508781348950704171e+01 -9.640885128757216149e-01 -2.022239259863821204e+01 1.460842665503408000e+01 -5.038857314549887612e+00 3.212108850539229454e+00 1.285533441510570185e+01 3.120675326326765919e+00 2.552324660111959474e+03 1.635964056693474959e+03 9.712163787524166310e+02 5.628201744765800640e+02 2.142195854772122043e-02 -3.716358971610758677e-02 2.306247870539214484e-02 -1.598791407079351579e-02 -3.575493056833790873e-02 -8.060098902036804541e-03 -3.415819610387530944e-03 3.111366568268358109e-03 7.432888322690554741e-04 -6.003571938730541515e-04 1.585015956527222047e-01 1.440222945604281435e+00 -1.253714833431724518e+00 2.387477357297230540e+00 2.131859693094376729e-01 6.804412122170120291e-04 2.515981099548006156e-03 9.559250930587613734e-04 -1.720045676152442537e-03
-9.052986932627765659e-02 -6.828744422059147834e-02 -1.048551076280509467e-03 -1.696151905501508753e-03 2.286213719682398792e-03 -1.832897957761914220e-02 -6.367670176974551954e-02 -1.454952292405656267e-01 -2.404959762476404500e-02 -9.761231247644575190e-04 -7.870613134404434025e-03 -1.718072359238425858e-03 9.080454216673213352e+01 6.075661957240363620e-01 1.369003878251289130e+01 -1.143309035260917383e+01 7.200924492052258152e+00 -1.151028583381595283e+01 2.753487240502500910e+01 3.381691600110688967e+01 1.635964056693474959e+03 3.090548348658979648e+03 2.364347169058520194e+03 1.581870681646806361e+03 1.002609734593342024e-02 -3.112295342861396211e-02 -1.977122959612433173e-02 -5.117809724421852613e-02 5.685496681802873660e-03 -9.491294409287434619e-02 -1.105986839415040723e-03 6.013989486419138442e-03 -3.359618127891223199e-03 -6.049267497836933452e-04 1.234904771821073999e-01 -4.274857252572326627e-01 -1.976310164572367967e-01 2.573869978396917446e+00 2.700957034298823722e-01 -3.875479855337027503e-05 -3.480026565641369135e-04 9.148356857318750562e-04 -8.892925084543147531e-04
-8.478441166625740044e-02 -5.281484838058498471e-02 -6.882964465491864334e-04 -1.181965965494665219e-03 1.073768565130879061e-03 -2.324455013444934326e-02 -3.772263937822430135e-02 -1.733186466699286887e-01 -3.643127566029447095e-02 4.803319649693785654e-04 -5.044416750962329131e-03 4.378283710866654344e-04 -1.028144542361836322e+01 1.753068607315385163e+00 3.683851677493695576e+01 -2.965965477375232240e+01 5.989902062647372460e+00 -5.688116754845306211e+00 -3.523116506371794543e+01 -4.536340796860959301e+01 9.712163787524166310e+02 2.364347169058520194e+03 3.383711721617158673e+03 3.356345303104397317e+03 1.687894071442529176e-02 -2.081619704844786881e-02 -8.983136756588759597e-02 -6.512936507073904813e-02 -3.042752561819641721e-03 9.797854282057300024e-02 -1.397904267077400287e-03 2.096581411942419117e-03 -1.556570421715705067e-03 2.304029756051212494e-03 2.435128717653049502e-01 2.769413025041619347e-01 -2.850767890541002769e-01 1.240088358490746057e+00 1.318245640142466923e-01 -1.057409029652394729e-03 -1.063094670656642522e-03 1.281079239422993872e-03 -1.406327716145551899e-03
-7.546358194667568409e-02 -3.819391752972183668e-02 -3.532645700511791100e-04 -4.821147897036226568e-04 -8.032327455969018965e-04 -2.557459274323991422e-02 -4.509374414357746053e-02 -2.577854594861548887e-01 -3.782390879879288931e-02 -1.114407719314180470e-03 -1.803321623408439111e-03 6.868769302515902783e-04 -6.626436271659650856e+02 -1.472368881552972054e-03 2.247455804146476055e+01 -2.001962283932484610e+01 3.054790613714620573e+00 -8.545678427573294433e-01 -1.318441856166310044e+00 1.248859431951589158e+02 5.628201744765800640e+02 1.581870681646806361e+03 3.356345303104397317e+03 6.440839055466677564e+03 -1.104409112268973578e-02 -3.176615733204784381e-02 -8.045798592770947444e-02 -7.057625183081073228e-02 3.525372814336470706e-02 2.069994720980768976e-01 -1.079559049747912287e-03 -1.916688631569927808e-03 1.698013910296539922e-04 -3.452202612818860246e-04 1.865843913568296097e-01 -2.689839420062236641e-01 -2.129302530157686668e+00 -8.151295127974118593e-01 2.373234297226463688e-02 3.594250863094714194e-04 -3.417778284186543010e-03 1.747401658540897584e-03 -1.237613055663433752e-03
7.823338331134499033e-06 -4.862284874187900699e-06 -5.576974385646436985e-07 -1.152694234657711859e-07 2.102320666715492941e-06 1.141474808836869916e-07 -1.622153781942189070e-05 3.077656296470432498e-05 -6.494143504449971993e-05 1.194095324176825867e-06 -6.755648026972392446e-08 2.173993484391032217e-07 7.917753364934282043e-03 -7.978071090418306730e-05 3.200978223569209309e-04 8.180370962886542770e-06 -1.375618095273519869e-03 3.336799897936817776e-04 5.840379997866177852e-04 7.363891194751010362e-05 2.142195854772122043e-02 1.002609734593342024e-02 1.687894071442529176e-02 -1.104409112268973404e-02 1.486166819792875213e-03 2.729494629344961080e-04 1.113955561395159631e-04 -3.932712994307466865e-04 -9.879657034341359097e-05 -1.518361637560030079e-04 3.040111771698191836e-06 5.376562297611179625e-07 -9.283387581776634214e-07 -2.317072572989019222e-06 -1.146708385960788068e-04 -5.661048890122741695e-04 -2.661151786870531461e-04 1.256916790250114328e-03 -4.855717683347068691e-05 -4.453743826082307328e-07 2.232123874263771171e-07 -1.384654406783284026e-06 -2.304801176699306136e-06
3.155648901596660756e-06 1.047430979145099663e-06 -3.039422920732060499e-07 2.361114963346175882e-08 6.829610045250961171e-07 -4.429243338387740516e-07 4.914305689743450449e-06 2.432205095328505358e-05 -2.953648911662687293e-05 5.661700392846919320e-07 -1.024840455662956138e-07 1.789762235726324043e-07 7.862600717262460334e-03 -7.975609860428915576e-06 -1.258027918498367311e-04 2.894127466197379448e-04 2.896594699862471310e-04 -3.218808628604510869e-04 -7.352362465367405725e-04 -3.677844509877028177e-03 -3.716358971610758677e-02 -3.112295342861396211e-02 -2.081619704844786881e-02 -3.176615733204784381e-02 2.729494629344961080e-04 8.791768419704327868e-04 2.867967765446160551e-05 7.176932176672897248e-04 2.958625483839201768e-05 -8.501197938507262407e-04 -8.159274301689691723e-07 -6.054859447338970941e-07 1.143340912600140517e-06 -7.595019423920043550e-07 -1.397908308761741387e-04 2.573595291701308101e-04 -1.080566585515303811e-03 -9.933259792395110737e-04 8.027820229798343838e-05 2.029994273899411106e-07 -5.098342886795152912e-07 1.345789587434530304e-07 -1.434505484346491296e-06
1.522116557099112712e-05 3.586941568478692551e-06 -2.330890587759730791e-07 1.798136616968016079e-07 -3.930345719882680456e-07 3.608549097150492300e-06 -1.643532539732181377e-05 4.280649067982534700e-05 -1.306681824718833502e-05 3.943771380439268096e-06 2.632916873930462126e-07 3.706367136856172434e-07 -7.697788186136062839e-03 6.669476078998590955e-05 1.273999251225751625e-03 9.582492573923954765e-05 -1.472015753452826084e-03 2.139227901690263743e-03 4.253818610185185721e-03 7.225789364994190944e-03 2.306247870539214484e-02 -1.977122959612433173e-02 -8.983136756588759597e-02 -8.045798592770947444e-02 1.113955561395159631e-04 2.867967765446160551e-05 7.252137823229793875e-03 -2.757045251758007305e-04 6.580522214070242326e-04 4.662341333255978770e-03 3.633368877050475420e-06 9.766064063706987223e-06 1.224086681454299691e-06 -2.783811063273095634e-06 7.046309249488085522e-04 -3.314354265240287024e-03 -2.161458889811121269e-03 1.574720647802339705e-03 8.483365962671113054e-04 3.722420245487997060e-06 1.257625477998316019e-06 1.308115329784016065e-06 2.200658207295224090e-06
-1.017229806643774448e-05 -1.280739355220303452e-05 -8.991431454507238236e-07 -4.943712693799091495e-07 3.693457420050990111e-06 -1.254562477412773350e-05 -4.959654842053916963e-05 9.697159925092441245e-05 -1.011864451152475913e-05 2.370157181563825980e-06 1.838283265184206802e-07 -9.629861055528211898e-08 6.792351048503812369e-03 -8.152238379478226043e-05 -1.656149592276495415e-03 7.034162967764834903e-04 -3.221988140532455963e-04 -7.185412500931586972e-04 -8.562199083147532417e-04 -2.758693856577152520e-03 -1.598791407079351579e-02 -5.117809724421852613e-02 -6.512936507073904813e-02 -7.057625183081073228e-02 -3.932712994307466865e-04 7.176932176672897248e-04 -2.757045251758007305e-04 2.948004178887341734e-03 4.459576841611854678e-04 -1.133594804831705109e-03 -2.764953195126356923e-06 -2.190042064444217441e-06 4.044594814386769671e-07 -6.426369532983890881e-09 -1.754269384718835489e-04 -9.838887212634795341e-04 -2.070025114917600686e-03 -2.087946491011380672e-03 1.747159101782468549e-04 -1.174744490411527547e-06 -2.042185695465983740e-06 -1.107971584571578537e-06 8.149408081857019514e-07
8.283894480040710829e-06 -1.766892764424617853e-05 -8.665862375309794786e-07 -3.728909424497315892e-07 4.202817224727633097e-06 -1.432710815963867180e-06 -8.686393714466746226e-05 1.642816975727279965e-04 -1.053406436250949431e-05 9.431447939230011975e-07 -5.234503140709628516e-07 -3.626518500282154837e-07 -6.569141997002075212e-03 -6.598775427047977793e-05 -1.290368909451404663e-03 3.040502115055243593e-03 -6.146043420370665700e-04 -1.931366877944101649e-03 -1.045070671010790058e-03 -1.610140633757356412e-03 -3.575493056833790873e-02 5.685496681802873660e-03 -3.042752561819641721e-03 3.525372814336470706e-02 -9.879657034341359097e-05 2.958625483839201768e-05 6.580522214070242326e-04 4.459576841611854678e-04 6.525411104679768384e-03 7.999662673609526931e-03 1.833228423315453872e-06 -1.822839842536408011e-06 -1.615622385607002054e-06 -5.686211753335987100e-06 3.869802306167595602e-04 8.631473772609823090e-04 -1.987583960371333038e-03 9.858191619441715892e-04 -3.450761815157014911e-04 -2.081552432027390857e-06 -1.811461549039773812e-06 3.254286649560264940e-06 3.978981732517141833e-07
3.903714930200183179e-05 -1.016902800375607644e-04 -5.707371417139365459e-06 -3.316036711014857348e-06 2.925848336684695535e-05 -1.663746128456501598e-05 -4.387676811293285666e-04 5.728850799392304479e-04 -5.800387334795091093e-05 1.917496379831258181e-06 -3.648320765611118194e-07 1.297229238690821879e-06 2.853735608558790812e-02 -9.246601590957371272e-04 -4.529214422467564560e-03 3.258950946117935340e-03 -1.138270901798179094e-02 -6.562908591220249083e-03 7.269412728028023553e-03 1.011931341677702826e-03 -8.060098902036804541e-03 -9.491294409287434619e-02 9.797854282057300024e-02 2.069994720980768976e-01 -1.518361637560030079e-04 -8.501197938507262407e-04 4.662341333255978770e-03 -1.133594804831705109e-03 7.999662673609526931e-03 8.431460460557255177e-02 1.803647397656020775e-05 2.831080535733426452e-06 -3.941193121811672274e-06 6.398652862793919467e-06 2.546067442327705228e-03 -1.697046734950063713e-03 -7.869536531012001623e-03 4.724894736005577113e-03 1.454365211320084693e-03 2.880828655575005233e-06 -1.029249534776133469e-05 7.278436031628174457e-06 3.376606978195271483e-07
-5.143634316901261817e-08 -6.100120011073651321e-07 4.213211172892558674e-08 -9.120278493512832119e-09 2.222283281207344039e-07 -5.037092946864485057e-07 -1.395817343531891333e-06 -2.146085463447499340e-05 2.930808984371780486e-06 1.565544656105197551e-07 -4.922659227813904123e-08 -1.002464893981707599e-08 -3.020415397512924522e-04 4.325599805391199376e-06 -6.224992811161897789e-05 1.050910281408359078e-04 3.447302331428203718e-05 6.102206387154712958e-05 2.256541324879397727e-04 5.596304402606498566e-04 -3.415819610387530944e-03 -1.105986839415040723e-03 -1.397904267077400287e-03 -1.079559049747912287e-03 3.040111771698191836e-06 -8.159274301689691723e-07 3.633368877050475420e-06 -2.764953195126356923e-06 1.833228423315453872e-06 1.803647397656020775e-05 2.459221850794710915e-05 1.640513452723706425e-07 3.556883448540118955e-08 4.461246392129727367e-09 3.298108245583514361e-04 -2.261306721037403432e-05 2.285877401366581370e-04 8.508903855217528475e-05 3.557130640316836292e-05 -2.388678752091210412e-07 1.177290409988480598e-07 -6.611779326286414212e-08 1.274117645269342670e-07
-5.364594501337808510e-07 -2.676772434236291588e-07 -1.237138349820435159e-08 3.837249383746356197e-10 3.856629842590102199e-08 -2.145240919775477757e-08 -5.271176011914957305e-06 5.695456842383322087e-06 -1.506385455695707714e-06 -2.125561462565259277e-07 -3.685054454391709556e-08 5.833513502522515660e-08 4.235476630507322413e-04 3.200829408151679327e-06 6.325238340396640896e-05 -2.368972856569797179e-05 -8.561515544427274161e-05 -3.628769244492718936e-05 1.978222996565796919e-04 4.777024650220097648e-04 3.111366568268358109e-03 6.013989486419138442e-03 2.096581411942419117e-03 -1.916688631569927808e-03 5.376562297611179625e-07 -6.054859447338970941e-07 9.766064063706987223e-06 -2.190042064444217441e-06 -1.822839842536408011e-06 2.831080535733426452e-06 1.640513452723706425e-07 2.387966405633566252e-05 1.041363090595554518e-07 -6.208118436675162522e-08 1.381831685673530843e-04 1.778311815815462524e-04 1.678720958099373032e-04 -5.926548181349927034e-05 2.936697377854954880e-05 3.526089023549714768e-08 -3.336321379202590779e-07 -2.788279466684465354e-08 3.553121172872782913e-08
-3.216910965623622427e-07 5.218022708087053445e-07 5.117419688267082796e-08 8.013969470935050447e-09 -2.162374131750859671e-07 6.703101357236338374e-08 5.106379590671478392e-06 3.721541156915265507e-05 -1.640251392231585432e-06 1.343051171452378392e-08 -2.167879002487962512e-08 -8.405668460523871838e-09 3.481403260935064022e-04 -5.314138747062653041e-06 -6.237576664757078315e-06 -6.437083045906681145e-05 -5.737468117295244498e-05 -8.674287460172442124e-05 -2.311023495881354148e-04 -5.991905865333238502e-04 7.432888322690554741e-04 -3.359618127891223199e-03 -1.556570421715705067e-03 1.698013910296539922e-04 -9.283387581776634214e-07 1.143340912600140517e-06 1.224086681454299691e-06 4.044594814386769671e-07 -1.615622385607002054e-06 -3.941193121811672274e-06 3.556883448540118955e-08 1.041363090595554518e-07 2.417424907169175779e-05 1.857680729892317757e-07 -1.360308859816842955e-04 1.032468828068770870e-04 1.745737567554318619e-04 3.624142602355566586e-04 -3.751754321204834100e-05 2.300703324403520291e-07 -1.118643725277832659e-07 -5.445899020353924743e-07 1.348113438405071428e-07
-2.353655317100236317e-07 8.977203556449582939e-08 -2.349606437614324899e-08 5.904129291921636828e-09 -2.091646955174879889e-08 -2.327312337787986922e-07 -4.970549787739366766e-07 2.528230224862292906e-05 -2.518239143915805766e-07 1.364653252730867433e-07 3.781567100051226662e-08 -8.091877055410636642e-09 8.843995883146969132e-05 2.115483876432173519e-05 2.306995919705161528e-04 -3.007033262229557506e-04 5.695699678053194271e-05 1.314503232911854314e-04 2.808292540106729733e-04 6.347658059963422845e-04 -6.003571938730541515e-04 -6.049267497836933452e-04 2.304029756051212494e-03 -3.452202612818860246e-04 -2.317072572989019222e-06 -7.595019423920043550e-07 -2.783811063273095634e-06 -6.426369532983890881e-09 -5.686211753335987100e-06 6.398652862793919467e-06 4.461246392129727367e-09 -6.208118436675162522e-08 1.857680729892317757e-07 2.501346899027682969e-05 -4.259531289437334906e-05 -1.445295752222117527e-04 3.080553008470822765e-04 1.573578713561877836e-04 1.210532913682099662e-05 1.405279888676971719e-07 2.612492296187891754e-08 3.313026057746944627e-07 -2.705389848053705262e-07
1.962554159298696176e-04 -2.632808974564098195e-04 -1.371147007236151344e-05 -7.476712186186025245e-06 9.512643512538750037e-05 -1.966295908511674756e-05 4.400736430666790894e-04 -3.206116130129931657e-02 3.022898874378534845e-03 8.507809555475890349e-06 2.076253786739259647e-06 -5.976529675297611638e-07 2.524095922292833236e-02 -1.027031198579204810e-03 1.705781479897466868e-02 -1.503104144668131713e-02 -1.017820987389243294e-02 -8.208427789757910889e-03 5.126121349125881826e-03 3.970233826513147948e-03 1.585015956527222047e-01 1.234904771821073999e-01 2.435128717653049502e-01 1.865843913568296097e-01 -1.146708385960788068e-04 -1.397908308761741387e-04 7.046309249488085522e-04 -1.754269384718835489e-04 3.869802306167595602e-04 2.546067442327705228e-03 3.298108245583514361e-04 1.381831685673530843e-04 -1.360308859816842955e-04 -4.259531289437334906e-05 3.533848755608374193e-01 3.228674813458976001e-01 1.075586731100015066e-03 -1.228348441369475673e-03 -5.508372124212355984e-06 5.462641734193813669e-05 7.486024480462791545e-05 -8.584889247288963999e-05 -2.928054862381012957e-05
1.443421801074432228e-04 -3.254078356352638353e-04 -1.171801731731904884e-05 -4.148718945456700035e-06 6.396278648948891402e-05 1.153632104232329117e-05 9.783601653649701482e-04 -2.228450248046554352e-02 1.126076540481607980e-03 -2.372945811703895249e-05 -3.541661191695710349e-06 2.614100800637285683e-05 4.480082311566203623e-01 7.246808556237743781e-03 2.110759378689421734e-02 -9.549950504563539666e-02 -6.947202426915864704e-02 1.009109703380709072e-01 1.156286684910730889e-01 -1.242199616874862904e-02 1.440222945604281435e+00 -4.274857252572326627e-01 2.769413025041619347e-01 -2.689839420062236641e-01 -5.661048890122741695e-04 2.573595291701308101e-04 -3.314354265240287024e-03 -9.838887212634795341e-04 8.631473772609823090e-04 -1.697046734950063713e-03 -2.261306721037403432e-05 1.778311815815462524e-04 1.032468828068770870e-04 -1.445295752222117527e-04 3.228674813458976001e-01 6.266705364239392395e+00 -3.762555996036693468e-02 8.188654051994856409e-02 2.260776393340110414e-03 1.134370661119781881e-04 1.099956193400893658e-04 -1.406535404783672445e-04 1.188256982859321167e-04
