# logA ns theta_MC_100 omegabh2 omegach2 tau omegam_growth A_planck calib_100T calib_217T A_cib_217 xi_sz_cib A_sz ksz_norm gal545_A_100 gal545_A_143 gal545_A_143_217 gal545_A_217 ps_A_100_100 ps_A_143_143 ps_A_143_217 ps_A_217_217 galf_TE_A_100 galf_TE_A_100_143 galf_TE_A_100_217 galf_TE_A_143 galf_TE_A_143_217 galf_TE_A_217 DES_DZ_S1 DES_DZ_S2 DES_DZ_S3 DES_DZ_S4 DES_A1_1 DES_A1_2 DES_A2_1 DES_A2_2 DES_BTA_1 DES_M1 DES_M2 DES_M3 DES_M4
2.889508005209495537e-04 2.338200313250389043e-05 5.943774504406623465e-07 4.449865203220112666e-07 -3.592802357693941176e-06 1.359952588577099540e-04 -8.319129670422948741e-05 1.024630724106391621e-05 4.177920673219752671e-08 -1.823585672240414218e-07 -4.177735633008878083e-03 1.586907738470422864e-04 1.240482575568023580e-04 -3.037669110523845938e-04 -9.811490751484340869e-04 -1.085111963566836278e-03 -1.714128765590095535e-03 -6.780996580661715831e-04 -3.264246684936816106e-02 -4.012228348019031970e-02 -9.194834765413953392e-03 2.453044001192777532e-02 1.064708671790032157e-05 1.939942847372006226e-06 9.721341871093355260e-06 -1.464203766335864952e-05 4.535895497657492520e-05 5.950251776846505921e-05 8.853208302015666131e-07 4.819233690831993434e-07 -1.604500682359027183e-06 -1.528529301127339487e-06 3.897884975823643250e-04 5.140146101362239083e-04 9.096056682673589466e-04 -1.014480895728424705e-03 3.665399754663436697e-06 6.491432676607145977e-07 1.377897396128622430e-07 -2.127238028664005249e-06 -2.811852512440694543e-06
2.338200313250389043e-05 3.430358825197294390e-05 6.675738117484644068e-07 5.507896895150935011e-07 -4.862327387812743725e-06 1.542151356902420148e-05 4.577246867099986496e-05 3.771211576524239442e-07 2.568034635999056110e-08 9.189747715771811923e-08 -1.590469455873996926e-03 -2.676310502464645306e-06 -4.512905189890782458e-04 -2.226780953246099929e-04 5.718339932425234643e-05 -2.877003265689427863e-04 -1.077741833497250284e-03 -7.392776495983371336e-04 -4.540986450970285054e-02 -5.204532316243119794e-02 -3.647297045761139361e-02 -2.494199548592431967e-02 2.039413942525179778e-06 -1.902186651074652868e-07 4.310192378465657132e-06 -8.147108044747897328e-06 -6.963192392375006075e-06 -1.633107510824832563e-05 -1.252066119626750453e-06 -3.370762581875959898e-08 9.845982264087651690e-07 1.592577596233307442e-06 -2.813433664710544911e-04 -9.641508208652261507e-04 -2.483074024561899218e-04 4.639485966925099066e-04 2.098420436580282977e-04 2.048943543031326657e-08 -2.570840918558403299e-07 5.892775884272889784e-07 6.253233113608830826e-07
5.943774504406623465e-07 6.675738117484644068e-07 2.449307718753797530e-07 2.541591162445582545e-08 -1.488817232126743794e-07 4.370082239475601207e-07 2.150079499654850306e-06 -1.254990402351835191e-08 -9.590620731116651497e-09 -6.089965384102591163e-09 6.101350922481690902e-05 -1.322315606415544511e-06 2.949409264165782623e-05 -3.214084231379302220e-05 -1.223305695942687672e-05 5.314052207065942396e-07 -1.772169803443722014e-05 -3.523708420521604371e-05 6.699127108281131057e-04 8.102972563779304660e-04 8.870976789402068921e-04 5.488987309833924435e-04 -1.209265512226073464e-07 2.814051102471452347e-07 -1.192877090355824834e-07 -2.843577897950207434e-07 -6.399998426031270269e-07 -9.368447792032636492e-07 -3.261056838510576741e-08 3.802435027528954196e-08 7.345324486395495928e-08 4.171679767560282297e-08 -1.482839553704459585e-05 -4.817207659204443256e-05 -1.690431253312474225e-05 2.517805822112915932e-05 1.244725784757963175e-05 -4.849219885108938172e-09 -3.576416957536420187e-08 4.044708043050220961e-08 7.018329382424883759e-08
4.449865203220112666e-07 5.507896895150935011e-07 2.541591162445582545e-08 3.021559166760726435e-08 -1.195593794752869591e-07 2.928572245407475062e-07 1.305227718671315091e-06 -9.685194856484863178e-09 4.051081600195460843e-09 -9.496425708523601070e-10 -1.019175527503176921e-04 1.032068905472401076e-06 -9.747808252870707464e-06 3.513756370554193382e-06 -9.626311036923073918e-06 -8.379825656728854600e-06 -1.427494010504388352e-05 3.571161521417709926e-06 -5.114020586929261640e-04 -9.226922842909964732e-04 -6.951792824466259627e-04 -2.425453827320282155e-04 -1.889957201940731919e-07 -3.210093714647515150e-08 4.202743354461344696e-07 -1.908704639510720717e-07 -1.187594249415541357e-07 -1.109765112207829507e-06 -3.546249094842392348e-08 1.495768317060740311e-08 3.441356409278582171e-08 4.600375781936035258e-08 -8.814518892398098262e-06 -2.815682588164336017e-05 -1.150759043902297777e-05 1.624716369730289388e-05 4.271467371232054845e-06 -3.117399968657101309e-09 -6.775342785682759626e-09 3.436576479436348803e-08 2.677292833676602381e-08
-3.592802357693941176e-06 -4.862327387812743725e-06 -1.488817232126743794e-07 -1.195593794752869591e-07 1.476213284104130270e-06 -3.391647247947526450e-06 -1.377549407359475484e-05 -5.675361155275521713e-08 9.445674395126410103e-09 -9.880655774221710700e-10 5.601546363231037098e-05 4.319008853031566690e-06 5.468017176311005384e-05 -9.458248180833335277e-05 2.159074461484743197e-06 3.740504284630936433e-05 7.400675301471175177e-05 8.937516367758224756e-05 -2.576214856453846493e-03 -1.858068789527745094e-03 -1.312233822341728456e-03 -2.027091595554066528e-03 6.378529016548424941e-08 -2.221071635879882232e-07 -7.109184601088549450e-07 8.323659694803876127e-07 -3.181622483424176086e-07 3.595341395541336676e-06 2.147164406263541397e-07 -6.352073945776651192e-08 -4.440180635920722080e-07 -4.863742439943261199e-07 9.489249323870051927e-05 2.953353603759733973e-04 1.336331616679063293e-04 -1.862081692876771822e-04 -4.133186973183871444e-05 -6.442994791223013353e-09 1.245579256293149489e-07 -2.533212867705137387e-07 -2.851441332902646202e-07
1.359952588577099540e-04 1.542151356902420148e-05 4.370082239475601207e-07 2.928572245407475062e-07 -3.391647247947526450e-06 7.300586819554858516e-05 -2.297602796385955868e-05 -9.191742345406189350e-07 -1.373470894255700496e-07 -8.879962244603283913e-08 -4.086027983641992833e-04 5.426566446925370428e-05 1.628905282396581587e-04 1.729681795250964367e-04 -3.261258982459297570e-04 -2.512357561090003779e-04 -3.781057689394268337e-04 -1.096016607979350029e-03 5.654266166697895744e-03 9.259238045774642253e-03 1.431809779708811438e-02 2.105605274119127374e-02 5.207453832363425347e-06 3.227519991042319571e-07 5.250381103398665704e-06 -9.842606484940457948e-06 2.512766667237134201e-05 1.613354043154248692e-05 4.924681348608438287e-08 3.460607890463946612e-07 -3.375662508649681291e-08 -1.148161321911817051e-07 4.684197427480724129e-05 -2.269005926657583882e-04 2.413226809349445026e-04 -2.212770302285884338e-04 6.740984008964889210e-05 5.140922190103696112e-07 1.271745740429975187e-08 -6.027008418378775241e-07 -8.736712246624156649e-07
-8.319129670422948741e-05 4.577246867099986496e-05 2.150079499654850306e-06 1.305227718671315091e-06 -1.377549407359475484e-05 -2.297602796385955868e-05 1.365668184580385702e-03 -3.393419544615337826e-06 -1.004261611914036947e-07 2.673363340279577515e-07 -1.135130167097318440e-03 -1.896398265338539646e-04 -1.582343713322024873e-03 7.374130396490635687e-04 4.393135923828161808e-04 4.334681984181338156e-04 1.679387354188889236e-05 -7.632157125298704228e-04 4.389647671160283593e-02 6.833209401231328355e-03 -8.148724168780995675e-03 1.613499712591075566e-02 -4.863520409409246428e-06 5.473067848724559184e-06 -1.394679368538555149e-05 -4.646718901893670341e-06 -5.241050215941075487e-05 5.703819890207426797e-06 1.739208533020797564e-06 -1.075995619534036105e-06 -3.821546018801170797e-06 -7.464290852957893577e-06 2.083565790257911957e-03 3.283791036009683830e-03 6.909798945341644356e-03 -4.147281839722625693e-03 6.436561193138438713e-05 2.132764313615385288e-06 -3.643765220589465787e-07 -5.701659338911425732e-06 -7.195719860375194122e-06
1.024630724106391621e-05 3.771211576524239442e-07 -1.254990402351835191e-08 -9.685194856484863178e-09 -5.675361155275521713e-08 -9.191742345406189350e-07 -3.393419544615337826e-06 6.100168538775586208e-06 -9.971032422971656767e-09 -6.128979036400733595e-09 6.117365768262996014e-04 2.713382023979440126e-06 1.105361637551493061e-04 -7.706864208726313425e-05 5.143581149487692233e-05 -8.976665599212510277e-05 -1.440538507023726386e-04 6.373206334849170060e-04 1.258348094639586160e-03 -1.148057087995070394e-04 2.629610099231370623e-03 3.323604502521069863e-03 1.249467953686804982e-06 1.103722439585276572e-06 -5.744570647568911326e-07 1.867295084335673287e-06 -5.007611403638759291e-07 1.087098193089939660e-05 2.740847604676916094e-07 -7.277582816724537239e-08 -2.192774469985294372e-07 -1.402763075057104400e-07 3.257420888937850189e-05 1.370561490536200159e-04 4.917045043151771911e-05 -6.315180793268762246e-05 -1.479551029418811195e-05 -1.595599343826282407e-07 -1.250734343228995842e-07 -1.845219316354453651e-07 -1.859009297951349991e-07
4.177920673219752671e-08 2.568034635999056110e-08 -9.590620731116651497e-09 4.051081600195460843e-09 9.445674395126410103e-09 -1.373470894255700496e-07 -1.004261611914036947e-07 -9.971032422971656767e-09 4.186307753376841793e-07 6.472806652220614199e-10 -9.080844509699174168e-04 7.305159216574528290e-06 1.218181873919404573e-04 -7.526250655515383302e-05 1.517506984206603378e-04 -1.469476245556646736e-04 -5.588465139410796716e-05 1.548779809743858031e-04 2.638875920018191133e-03 -7.912236410950420837e-03 -4.884935082216667473e-03 -1.462550736462561686e-03 -4.909669873294217780e-08 -2.589598040001471334e-07 1.401199473049775806e-07 1.226412945175110851e-07 6.220537530589217262e-07 2.177740291867557893e-06 1.954354475114872472e-08 -3.480189091275424114e-08 1.050529426155369063e-08 -1.247518738631401574e-09 2.319120809430144030e-06 3.906309989631491759e-06 4.947576572322716167e-07 -2.244070927038325625e-06 -3.366863632902791545e-06 3.947068521517332679e-09 2.553267347873495452e-08 -7.460067284743687819e-09 -6.057975886434508585e-09
-1.823585672240414218e-07 9.189747715771811923e-08 -6.089965384102591163e-09 -9.496425708523601070e-10 -9.880655774221710700e-10 -8.879962244603283913e-08 2.673363340279577515e-07 -6.128979036400733595e-09 6.472806652220614199e-10 4.143085919110766647e-07 1.081757302437880109e-03 6.943277716995635699e-07 -4.334945344294909708e-05 1.182950922976758751e-05 -1.464608244960043414e-05 -2.634916535476051824e-05 3.048822161871805425e-04 5.737678858819649907e-04 -8.831561556275681910e-04 -2.046976436942078703e-03 9.031553895619793496e-04 1.573779398275358199e-03 -2.019791670544021818e-07 -3.769303764040567537e-07 -1.505604955542331013e-07 -9.469755185704809722e-08 -1.860257167710062905e-07 8.180124627865988815e-07 1.401582973040578608e-08 -3.090365251614685016e-08 -7.722897238464549696e-08 -9.732530311393471800e-11 -2.394223307338718986e-06 -1.728709969035073049e-05 -7.190132850477070488e-07 2.070718788660996878e-06 4.519054066721018680e-06 7.697251933028600820e-09 5.818048473082879594e-09 -1.777799524254328582e-08 -8.979056863027463963e-09
-4.177735633008878083e-03 -1.590469455873996926e-03 6.101350922481690902e-05 -1.019175527503176921e-04 5.601546363231037098e-05 -4.086027983641992833e-04 -1.135130167097318440e-03 6.117365768262996014e-04 -9.080844509699174168e-04 1.081757302437880109e-03 1.953790915378708064e+02 -9.575018568544449438e-02 1.227928021171019290e+00 -1.022801820816772400e+00 8.357278636278956396e-01 -2.367646959393074346e-01 -1.646087303185389672e+01 -7.990237538398437778e+01 9.647397537845840532e+01 1.061633890195095944e+02 1.155459309092963061e+01 -6.529718361290138091e+02 5.507798419819636901e-03 3.213783913512627093e-03 -2.406608436899400957e-03 -2.360643451183544461e-03 7.770460905743947592e-03 4.716511834667540953e-02 -6.152894706686179958e-04 6.149997000269176971e-04 -8.732686350873910576e-04 -6.807058266636904179e-05 -9.716672137914814100e-03 6.224296044771619740e-02 1.101008086334749137e-03 9.776575449260175091e-03 3.807012156509279044e-02 1.607890980726428836e-04 -2.165765581747465030e-04 -4.592062249229499830e-04 3.628694521159594013e-04
1.586907738470422864e-04 -2.676310502464645306e-06 -1.322315606415544511e-06 1.032068905472401076e-06 4.319008853031566690e-06 5.426566446925370428e-05 -1.896398265338539646e-04 2.713382023979440126e-06 7.305159216574528290e-06 6.943277716995635699e-07 -9.575018568544449438e-02 8.345181371321594432e-02 -4.053156624317804518e-03 6.909551074472510511e-03 -9.079026791048789430e-03 -1.400947349241587082e-03 4.009481090387618379e-02 -7.910659491731321033e-03 -7.575276707681121158e-01 6.633842002802925464e-01 1.770525956531653566e+00 -2.619354072606349670e-01 3.984338782421927678e-05 -3.294796047820142305e-05 -2.031351071923806354e-04 -1.247131246001191324e-04 -1.172156857702088704e-04 -3.629832742866034710e-05 8.182317240949086080e-07 2.644140405279524841e-06 -1.944763267882359989e-06 -3.631556527217447913e-07 1.046230126030317953e-04 -1.003656142010060084e-03 -3.856954986152422881e-05 1.674199311137921587e-05 -2.421468513942968449e-03 7.451577370405347419e-07 8.147254775403395911e-06 3.655708903513286508e-06 3.329542484659558727e-06
1.240482575568023580e-04 -4.512905189890782458e-04 2.949409264165782623e-05 -9.747808252870707464e-06 5.468017176311005384e-05 1.628905282396581587e-04 -1.582343713322024873e-03 1.105361637551493061e-04 1.218181873919404573e-04 -4.334945344294909708e-05 1.227928021171019290e+00 -4.053156624317804518e-03 4.580064719084062652e+00 -3.404359726895590299e+00 -2.828123376772992414e-01 1.175826391692043893e-01 1.261674459975625995e+00 1.003191355193084888e+00 -2.226445874067027830e+01 1.261101818812568531e+01 3.610404077069515694e+01 2.063628158590490713e+01 -4.071143116919861103e-04 -6.813900171854492781e-04 -5.151418062276287048e-04 -8.425428290798950672e-04 -1.171867584967402690e-03 1.318882831106749564e-03 1.181674598319526617e-04 4.715461389470878591e-05 2.327144866718777123e-05 2.241378646772093828e-05 1.208149991252197237e-03 3.280465866611820963e-02 5.893368206189738417e-03 -1.686422508678014909e-02 9.834897564747535625e-03 -1.217304220588077724e-04 -4.460860323396409997e-05 -2.992072885643885810e-05 1.186487852777804744e-05
-3.037669110523845938e-04 -2.226780953246099929e-04 -3.214084231379302220e-05 3.513756370554193382e-06 -9.458248180833335277e-05 1.729681795250964367e-04 7.374130396490635687e-04 -7.706864208726313425e-05 -7.526250655515383302e-05 1.182950922976758751e-05 -1.022801820816772400e+00 6.909551074472510511e-03 -3.404359726895590299e+00 6.697502944884694998e+00 2.257415996536169811e-01 -7.781317551699053203e-02 -1.051518740677697350e+00 -8.180387924527463550e-01 1.656143749034961488e+01 -9.540518879469345848e+00 -2.646480729508451191e+01 -1.496137985637670731e+01 1.109117446828158634e-03 3.715560803748910873e-04 9.004910063255260489e-04 1.113458809465866600e-04 1.644719947708609287e-03 -2.411620643283721166e-04 -1.618036420413315269e-04 -9.251275899402055809e-06 -5.654623880782087299e-05 -1.315192712350619160e-04 -4.217066762053528137e-03 1.200121546947505516e-02 -3.047190596279293964e-02 4.122615942474666673e-02 -9.362510098483859192e-03 8.604206018752702433e-06 -1.072239006271908670e-05 4.249414209204222721e-06 -2.265836945155048758e-05
-9.811490751484340869e-04 5.718339932425234643e-05 -1.223305695942687672e-05 -9.626311036923073918e-06 2.159074461484743197e-06 -3.261258982459297570e-04 4.393135923828161808e-04 5.143581149487692233e-05 1.517506984206603378e-04 -1.464608244960043414e-05 8.357278636278956396e-01 -9.079026791048789430e-03 -2.828123376772992414e-01 2.257415996536169811e-01 3.372236230149308511e+00 4.634442213492701024e-01 1.330189060394844081e-01 -5.511631350520437150e-02 -2.326987613732278692e+00 9.060242338677163332e+00 6.205991739910525773e+00 3.126264730961287874e+00 1.959373128719983062e-04 1.192518441612565143e-03 -3.783784609581524686e-04 -8.847471062819392681e-04 7.698678350357434936e-04 -2.517205582493075265e-03 -9.681723769089690414e-05 -2.230861128025482521e-05 -1.596139763730371262e-04 -2.505306952147581459e-05 -7.445764302158343166e-03 -8.321145073769242728e-02 -9.055428854512610759e-03 9.224621233584938407e-03 -2.269647753726324393e-02 -7.467392750168431006e-05 -5.934962854483163080e-05 4.583385340561859273e-05 -8.926107230870872840e-05
-1.085111963566836278e-03 -2.877003265689427863e-04 5.314052207065942396e-07 -8.379825656728854600e-06 3.740504284630936433e-05 -2.512357561090003779e-04 4.334681984181338156e-04 -8.976665599212510277e-05 -1.469476245556646736e-04 -2.634916535476051824e-05 -2.367646959393074346e-01 -1.400947349241587082e-03 1.175826391692043893e-01 -7.781317551699053203e-02 4.634442213492701024e-01 3.289899703130900299e+00 2.602003779933047767e+00 2.616692244314806182e+00 5.001733959981352839e+00 -1.093528629885715553e+01 -5.814338965247944024e+00 -1.641230590489722863e-01 6.064214890894767092e-04 -3.273807057315510517e-04 -6.030536441246767609e-05 -7.093129313902290763e-04 1.091173863256241416e-03 2.695491106096317008e-03 9.944282756388006842e-05 -1.366374909966278089e-05 -4.952799126092427730e-05 7.186432180816898160e-05 -7.299902284437005673e-03 -3.820383059313647162e-02 -2.188819299125146795e-03 4.660630672865678781e-03 2.445302785609431134e-03 2.648004384015140920e-05 -6.835691713642697801e-05 1.156260817542654944e-05 -3.291434102261737527e-05
-1.714128765590095535e-03 -1.077741833497250284e-03 -1.772169803443722014e-05 -1.427494010504388352e-05 7.400675301471175177e-05 -3.781057689394268337e-04 1.679387354188889236e-05 -1.440538507023726386e-04 -5.588465139410796716e-05 3.048822161871805425e-04 -1.646087303185389672e+01 4.009481090387618379e-02 1.261674459975625995e+00 -1.051518740677697350e+00 1.330189060394844081e-01 2.602003779933047767e+00 1.570806784413207779e+01 2.871670624964670537e+01 1.229174098812940308e+01 2.780626370223663102e+01 -3.632706966212515454e+01 -3.544299353908718087e-01 3.036377303903197247e-04 -3.252874869266740077e-04 -2.838485476064299927e-03 -1.178693641772702227e-03 1.270844780378945632e-03 1.367356622179856721e-02 4.904053422322272220e-04 -5.102679768141429681e-06 -6.736104811898192422e-05 2.769841185256692424e-05 1.124766127908247062e-03 2.826864067457952531e-02 5.193862879647480335e-03 -1.182055817520569554e-02 -3.652358519784710579e-03 5.497048031992740391e-05 2.144845254025328700e-04 -9.932022322775075534e-05 5.739532698021785566e-07
-6.780996580661715831e-04 -7.392776495983371336e-04 -3.523708420521604371e-05 3.571161521417709926e-06 8.937516367758224756e-05 -1.096016607979350029e-03 -7.632157125298704228e-04 6.373206334849170060e-04 1.548779809743858031e-04 5.737678858819649907e-04 -7.990237538398437778e+01 -7.910659491731321033e-03 1.003191355193084888e+00 -8.180387924527463550e-01 -5.511631350520437150e-02 2.616692244314806182e+00 2.871670624964670537e+01 7.884781173382249619e+01 9.289399834841692849e-01 2.604138326762745237e+01 -5.523879883321888684e+01 1.226414543283791687e+02 -1.661353420110208302e-03 -9.368590748302740943e-04 -9.638324515157590394e-03 -1.830711675694333008e-03 -3.099086948243082607e-03 2.995264880651736863e-02 1.215868370713694057e-03 -3.853040204145675475e-04 9.364553077135358771e-05 -9.334115702664612076e-05 -9.557127016252056888e-04 3.943024622138874280e-02 1.019206805325331743e-03 -9.770101517083901524e-03 -6.357059658905162176e-03 1.353532466082008027e-05 4.023581123956304672e-04 -1.700192819116936010e-04 -1.473253869491321496e-04
-3.264246684936816106e-02 -4.540986450970285054e-02 6.699127108281131057e-04 -5.114020586929261640e-04 -2.576214856453846493e-03 5.654266166697895744e-03 4.389647671160283593e-02 1.258348094639586160e-03 2.638875920018191133e-03 -8.831561556275681910e-04 9.647397537845840532e+01 -7.575276707681121158e-01 -2.226445874067027830e+01 1.656143749034961488e+01 -2.326987613732278692e+00 5.001733959981352839e+00 1.229174098812940308e+01 9.289399834841692849e-01 2.534913694922516243e+03 1.687325967813650323e+03 1.007202400263349091e+03 5.651324372588020424e+02 1.096388923128599827e-03 -2.009890332443087582e-02 4.232148776101171098e-04 -2.344149752078680468e-02 -4.177173622985201357e-04 1.959927280184440429e-02 4.822953123527586212e-03 -7.856328920143147102e-04 3.234327071073697223e-03 2.090260697851597724e-03 -2.996401162354033754e-01 -3.776175963669775593e-01 -8.185096952848757157e-01 9.503107313614963525e-01 9.229740610343628582e-02 1.678596494857959162e-03 -5.456561082390033127e-04 6.355589834974106163e-04 1.618844887642309353e-04
-4.012228348019031970e-02 -5.204532316243119794e-02 8.102972563779304660e-04 -9.226922842909964732e-04 -1.858068789527745094e-03 9.259238045774642253e-03 6.833209401231328355e-03 -1.148057087995070394e-04 -7.912236410950420837e-03 -2.046976436942078703e-03 1.061633890195095944e+02 6.633842002802925464e-01 1.261101818812568531e+01 -9.540518879469345848e+00 9.060242338677163332e+00 -1.093528629885715553e+01 2.780626370223663102e+01 2.604138326762745237e+01 1.687325967813650323e+03 3.191306081197142248e+03 2.401206677505490916e+03 1.550212084850184965e+03 1.251889466547973992e-02 -6.066270000578326358e-04 -3.585501861574068999e-02 -5.588017493562575516e-02 -3.918219267521579757e-02 -6.598584040242186366e-02 4.998202099476029177e-03 1.522201343388093124e-04 1.933394413677662826e-03 6.560986312384059797e-04 -3.420205681670233089e-01 -4.777718818916447119e-01 -7.896220337284326485e-01 7.642359466362503850e-01 5.148354461739412802e-02 5.592769158448763264e-04 -1.086062443019139004e-03 2.825281549028546384e-03 1.500804667311811174e-03
-9.194834765413953392e-03 -3.647297045761139361e-02 8.870976789402068921e-04 -6.951792824466259627e-04 -1.312233822341728456e-03 1.431809779708811438e-02 -8.148724168780995675e-03 2.629610099231370623e-03 -4.884935082216667473e-03 9.031553895619793496e-04 1.155459309092963061e+01 1.770525956531653566e+00 3.610404077069515694e+01 -2.646480729508451191e+01 6.205991739910525773e+00 -5.814338965247944024e+00 -3.632706966212515454e+01 -5.523879883321888684e+01 1.007202400263349091e+03 2.401206677505490916e+03 3.406867966998962856e+03 3.323384861694726169e+03 6.873986833077727794e-03 -1.026891296111341612e-02 -4.717542943194814181e-02 -8.003922627744103346e-02 -3.520530604363530242e-02 -3.799040987093101757e-02 4.682298550941249755e-03 -9.479393128961125219e-04 -8.974051658354227504e-04 6.718896339243855906e-04 -3.683918550562365057e-01 -1.495156422262953866e+00 -6.261102029531712132e-01 6.382530527531158349e-01 1.232328673086661580e-01 -1.537872273543331673e-03 -1.291198368220661339e-03 4.048137868297116762e-03 -7.872106542598590649e-04
2.453044001192777532e-02 -2.494199548592431967e-02 5.488987309833924435e-04 -2.425453827320282155e-04 -2.027091595554066528e-03 2.105605274119127374e-02 1.613499712591075566e-02 3.323604502521069863e-03 -1.462550736462561686e-03 1.573779398275358199e-03 -6.529718361290138091e+02 -2.619354072606349670e-01 2.063628158590490713e+01 -1.496137985637670731e+01 3.126264730961287874e+00 -1.641230590489722863e-01 -3.544299353908718087e-01 1.226414543283791687e+02 5.651324372588020424e+02 1.550212084850184965e+03 3.323384861694726169e+03 6.449318922173934880e+03 -1.975171441979079248e-02 -2.637134647637524171e-02 7.629067536188824904e-03 -5.390206915199655807e-02 -5.862574102258823194e-02 -3.374189015164271166e-01 4.723863734338706183e-03 -2.943501590269024474e-03 4.208244028786753345e-04 1.172798353797593288e-03 -2.685345305743500055e-01 -2.016590782870584242e+00 -4.638359680238249294e-01 5.020694724771854744e-01 -1.538331348720938397e-03 -3.280501788809626462e-03 -1.065476918339389005e-03 6.460560084217266581e-03 -2.767197722074755777e-03
1.064708671790032157e-05 2.039413942525179778e-06 -1.209265512226073464e-07 -1.889957201940731919e-07 6.378529016548424941e-08 5.207453832363425347e-06 -4.863520409409246428e-06 1.249467953686804982e-06 -4.909669873294217780e-08 -2.019791670544021818e-07 5.507798419819636901e-03 3.984338782421927678e-05 -4.071143116919861103e-04 1.109117446828158634e-03 1.959373128719983062e-04 6.064214890894767092e-04 3.036377303903197247e-04 -1.661353420110208302e-03 1.096388923128599827e-03 1.251889466547973992e-02 6.873986833077727794e-03 -1.975171441979079248e-02 1.512577073968602269e-03 2.730074877537393314e-04 8.377101142349998512e-05 -4.228758079810844019e-04 -1.252338474780161071e-04 -7.757787987075280111e-05 2.783000309640452657e-06 -2.740473368045760561e-08 1.781086890563103338e-06 -1.037841922756857891e-06 5.084513124284436995e-05 5.069426760516859047e-04 2.494494104371185400e-04 -3.932460421730866193e-04 3.790869344637022142e-04 -1.033389611691764432e-06 7.008610920204656208e-07 1.059942229192396744e-06 -4.250545642890062090e-07
1.939942847372006226e-06 -1.902186651074652868e-07 2.814051102471452347e-07 -3.210093714647515150e-08 -2.221071635879882232e-07 3.227519991042319571e-07 5.473067848724559184e-06 1.103722439585276572e-06 -2.589598040001471334e-07 -3.769303764040567537e-07 3.213783913512627093e-03 -3.294796047820142305e-05 -6.813900171854492781e-04 3.715560803748910873e-04 1.192518441612565143e-03 -3.273807057315510517e-04 -3.252874869266740077e-04 -9.368590748302740943e-04 -2.009890332443087582e-02 -6.066270000578326358e-04 -1.026891296111341612e-02 -2.637134647637524171e-02 2.730074877537393314e-04 8.927836498152726293e-04 8.929591200241109909e-06 7.229391348435112736e-04 3.734203044065511262e-05 -7.520590663706202801e-04 -1.326415044624053493e-06 -1.008139290794671003e-06 1.895108136161868150e-06 2.988172560825763127e-07 -5.448725677753620689e-05 -2.618755556047995905e-04 -2.590267453712332169e-05 1.507443388233639702e-04 2.088444790119523312e-04 -7.462482394139244804e-07 4.879770725136581161e-07 3.246612760964391677e-07 4.888168487030747283e-07
9.721341871093355260e-06 4.310192378465657132e-06 -1.192877090355824834e-07 4.202743354461344696e-07 -7.109184601088549450e-07 5.250381103398665704e-06 -1.394679368538555149e-05 -5.744570647568911326e-07 1.401199473049775806e-07 -1.505604955542331013e-07 -2.406608436899400957e-03 -2.031351071923806354e-04 -5.151418062276287048e-04 9.004910063255260489e-04 -3.783784609581524686e-04 -6.030536441246767609e-05 -2.838485476064299927e-03 -9.638324515157590394e-03 4.232148776101171098e-04 -3.585501861574068999e-02 -4.717542943194814181e-02 7.629067536188824904e-03 8.377101142349998512e-05 8.929591200241109909e-06 7.444746867308752944e-03 -3.910038113491870102e-04 5.527437809189566327e-04 5.090909710988248543e-03 -2.020489342882902732e-06 -5.508221762651119314e-06 5.963847688441876926e-07 4.262348943498736412e-06 -2.197521513465240509e-04 -7.484618542486008545e-04 4.239458099650384609e-04 -8.981653054605768941e-04 2.138292010556550233e-04 -3.028351673682245668e-06 1.327005082204285682e-06 4.209239180375354293e-07 -4.907811298412687795e-08
-1.464203766335864952e-05 -8.147108044747897328e-06 -2.843577897950207434e-07 -1.908704639510720717e-07 8.323659694803876127e-07 -9.842606484940457948e-06 -4.646718901893670341e-06 1.867295084335673287e-06 1.226412945175110851e-07 -9.469755185704809722e-08 -2.360643451183544461e-03 -1.247131246001191324e-04 -8.425428290798950672e-04 1.113458809465866600e-04 -8.847471062819392681e-04 -7.093129313902290763e-04 -1.178693641772702227e-03 -1.830711675694333008e-03 -2.344149752078680468e-02 -5.588017493562575516e-02 -8.003922627744103346e-02 -5.390206915199655807e-02 -4.228758079810844019e-04 7.229391348435112736e-04 -3.910038113491870102e-04 3.003812853256187729e-03 4.978871370614861014e-04 -1.033832281135165431e-03 -1.644260038143607832e-06 3.843285323733397893e-06 9.785059135222874928e-07 2.562009739036134382e-07 3.964319448325506848e-05 -5.943337347064482981e-04 -1.775639161691735873e-04 2.720127908036005246e-04 1.287674727864307046e-05 -1.695622985410705062e-06 -4.983613153980105408e-07 2.273179045568829006e-06 7.107458311952901689e-07
4.535895497657492520e-05 -6.963192392375006075e-06 -6.399998426031270269e-07 -1.187594249415541357e-07 -3.181622483424176086e-07 2.512766667237134201e-05 -5.241050215941075487e-05 -5.007611403638759291e-07 6.220537530589217262e-07 -1.860257167710062905e-07 7.770460905743947592e-03 -1.172156857702088704e-04 -1.171867584967402690e-03 1.644719947708609287e-03 7.698678350357434936e-04 1.091173863256241416e-03 1.270844780378945632e-03 -3.099086948243082607e-03 -4.177173622985201357e-04 -3.918219267521579757e-02 -3.520530604363530242e-02 -5.862574102258823194e-02 -1.252338474780161071e-04 3.734203044065511262e-05 5.527437809189566327e-04 4.978871370614861014e-04 6.537517481444606905e-03 7.529783778077068015e-03 3.165978835668677707e-06 -1.394420151217837902e-06 4.102321809395681602e-06 -7.059264192742402597e-07 -4.550246494378416926e-05 -2.721307189346108303e-03 2.319585343237683811e-04 -6.475791112266980057e-04 -2.673465496016555389e-04 -8.575615284418893013e-07 -2.894336193567720309e-06 -5.013394507079737795e-06 1.827303088505711111e-07
5.950251776846505921e-05 -1.633107510824832563e-05 -9.368447792032636492e-07 -1.109765112207829507e-06 3.595341395541336676e-06 1.613354043154248692e-05 5.703819890207426797e-06 1.087098193089939660e-05 2.177740291867557893e-06 8.180124627865988815e-07 4.716511834667540953e-02 -3.629832742866034710e-05 1.318882831106749564e-03 -2.411620643283721166e-04 -2.517205582493075265e-03 2.695491106096317008e-03 1.367356622179856721e-02 2.995264880651736863e-02 1.959927280184440429e-02 -6.598584040242186366e-02 -3.799040987093101757e-02 -3.374189015164271166e-01 -7.757787987075280111e-05 -7.520590663706202801e-04 5.090909710988248543e-03 -1.033832281135165431e-03 7.529783778077068015e-03 8.008938503841828149e-02 -5.575545065846648943e-06 2.758242039791880602e-05 1.467140480833824346e-05 -1.408680410915925653e-05 1.232615612437065094e-03 3.567910411781354766e-03 -1.371998790592141319e-04 7.211910496739286401e-04 -3.007275935563690980e-03 1.258411884653702260e-05 -5.630470431478215658e-07 -9.983331955330710216e-06 2.070355596073967553e-06
8.853208302015666131e-07 -1.252066119626750453e-06 -3.261056838510576741e-08 -3.546249094842392348e-08 2.147164406263541397e-07 4.924681348608438287e-08 1.739208533020797564e-06 2.740847604676916094e-07 1.954354475114872472e-08 1.401582973040578608e-08 -6.152894706686179958e-04 8.182317240949086080e-07 1.181674598319526617e-04 -1.618036420413315269e-04 -9.681723769089690414e-05 9.944282756388006842e-05 4.904053422322272220e-04 1.215868370713694057e-03 4.822953123527586212e-03 4.998202099476029177e-03 4.682298550941249755e-03 4.723863734338706183e-03 2.783000309640452657e-06 -1.326415044624053493e-06 -2.020489342882902732e-06 -1.644260038143607832e-06 3.165978835668677707e-06 -5.575545065846648943e-06 2.266899234467832040e-05 8.036966120091300843e-07 2.936812649124846646e-07 6.187473653706900750e-08 6.018371108304326723e-05 -9.060804087617560770e-04 2.062633091175610162e-04 -5.010539018412928352e-04 1.145078576110603399e-04 -6.151925891031397739e-08 1.712027258054261689e-07 -8.875106873090596791e-08 3.434817441968932744e-08
4.819233690831993434e-07 -3.370762581875959898e-08 3.802435027528954196e-08 1.495768317060740311e-08 -6.352073945776651192e-08 3.460607890463946612e-07 -1.075995619534036105e-06 -7.277582816724537239e-08 -3.480189091275424114e-08 -3.090365251614685016e-08 6.149997000269176971e-04 2.644140405279524841e-06 4.715461389470878591e-05 -9.251275899402055809e-06 -2.230861128025482521e-05 -1.366374909966278089e-05 -5.102679768141429681e-06 -3.853040204145675475e-04 -7.856328920143147102e-04 1.522201343388093124e-04 -9.479393128961125219e-04 -2.943501590269024474e-03 -2.740473368045760561e-08 -1.008139290794671003e-06 -5.508221762651119314e-06 3.843285323733397893e-06 -1.394420151217837902e-06 2.758242039791880602e-05 8.036966120091300843e-07 2.390616811700408035e-05 9.049078661333937753e-07 3.570728097063306427e-07 1.641489088766578009e-04 5.317772495598502031e-04 -3.122963147647113180e-05 -2.319245999848654867e-06 -9.925087278860085928e-05 2.417808755104205017e-07 -8.978961933579899725e-07 3.408265172915047809e-07 3.357385231899424299e-07
-1.604500682359027183e-06 9.845982264087651690e-07 7.345324486395495928e-08 3.441356409278582171e-08 -4.440180635920722080e-07 -3.375662508649681291e-08 -3.821546018801170797e-06 -2.192774469985294372e-07 1.050529426155369063e-08 -7.722897238464549696e-08 -8.732686350873910576e-04 -1.944763267882359989e-06 2.327144866718777123e-05 -5.654623880782087299e-05 -1.596139763730371262e-04 -4.952799126092427730e-05 -6.736104811898192422e-05 9.364553077135358771e-05 3.234327071073697223e-03 1.933394413677662826e-03 -8.974051658354227504e-04 4.208244028786753345e-04 1.781086890563103338e-06 1.895108136161868150e-06 5.963847688441876926e-07 9.785059135222874928e-07 4.102321809395681602e-06 1.467140480833824346e-05 2.936812649124846646e-07 9.049078661333937753e-07 2.345891238150440462e-05 6.658502917289174256e-07 -6.452339982855231145e-05 4.157075350590818487e-05 1.948900583983666674e-05 -1.176232742982764976e-04 2.270724008506382359e-05 -1.207992143239223701e-07 -4.339554843227450491e-08 -9.743027562709806374e-07 5.506794270927130411e-07
-1.528529301127339487e-06 1.592577596233307442e-06 4.171679767560282297e-08 4.600375781936035258e-08 -4.863742439943261199e-07 -1.148161321911817051e-07 -7.464290852957893577e-06 -1.402763075057104400e-07 -1.247518738631401574e-09 -9.732530311393471800e-11 -6.807058266636904179e-05 -3.631556527217447913e-07 2.241378646772093828e-05 -1.315192712350619160e-04 -2.505306952147581459e-05 7.186432180816898160e-05 2.769841185256692424e-05 -9.334115702664612076e-05 2.090260697851597724e-03 6.560986312384059797e-04 6.718896339243855906e-04 1.172798353797593288e-03 -1.037841922756857891e-06 2.988172560825763127e-07 4.262348943498736412e-06 2.562009739036134382e-07 -7.059264192742402597e-07 -1.408680410915925653e-05 6.187473653706900750e-08 3.570728097063306427e-07 6.658502917289174256e-07 2.521834302617408352e-05 -8.855246235845577708e-05 2.508221792705680339e-07 -9.883671864868766462e-05 8.349768342365012730e-05 5.867055770536092296e-05 1.464164140305923405e-07 2.487403686877153680e-07 6.721120817626256701e-07 -1.082076697022878831e-06
3.897884975823643250e-04 -2.813433664710544911e-04 -1.482839553704459585e-05 -8.814518892398098262e-06 9.489249323870051927e-05 4.684197427480724129e-05 2.083565790257911957e-03 3.257420888937850189e-05 2.319120809430144030e-06 -2.394223307338718986e-06 -9.716672137914814100e-03 1.046230126030317953e-04 1.208149991252197237e-03 -4.217066762053528137e-03 -7.445764302158343166e-03 -7.299902284437005673e-03 1.124766127908247062e-03 -9.557127016252056888e-04 -2.996401162354033754e-01 -3.420205681670233089e-01 -3.683918550562365057e-01 -2.685345305743500055e-01 5.084513124284436995e-05 -5.448725677753620689e-05 -2.197521513465240509e-04 3.964319448325506848e-05 -4.550246494378416926e-05 1.232615612437065094e-03 6.018371108304326723e-05 1.641489088766578009e-04 -6.452339982855231145e-05 -8.855246235845577708e-05 1.181960097027422441e-01 4.493532859686728553e-01 8.872213843356846485e-03 3.483034418166429304e-03 -6.703717972358197441e-02 8.883216172912183052e-06 5.356011339044963341e-05 -2.072299272563221716e-05 7.633828638768649778e-06
5.140146101362239083e-04 -9.641508208652261507e-04 -4.817207659204443256e-05 -2.815682588164336017e-05 2.953353603759733973e-04 -2.269005926657583882e-04 3.283791036009683830e-03 1.370561490536200159e-04 3.906309989631491759e-06 -1.728709969035073049e-05 6.224296044771619740e-02 -1.003656142010060084e-03 3.280465866611820963e-02 1.200121546947505516e-02 -8.321145073769242728e-02 -3.820383059313647162e-02 2.826864067457952531e-02 3.943024622138874280e-02 -3.776175963669775593e-01 -4.777718818916447119e-01 -1.495156422262953866e+00 -2.016590782870584242e+00 5.069426760516859047e-04 -2.618755556047995905e-04 -7.484618542486008545e-04 -5.943337347064482981e-04 -2.721307189346108303e-03 3.567910411781354766e-03 -9.060804087617560770e-04 5.317772495598502031e-04 4.157075350590818487e-05 2.508221792705680339e-07 4.493532859686728553e-01 4.002629387665752603e+00 6.963984839664971553e-03 1.404492469277672795e-01 7.969590844453497414e-02 -1.018574708624148281e-05 9.245067138704746298e-05 1.034561563289905853e-04 2.039759393742628763e-04
9.096056682673588382e-04 -2.483074024561898675e-04 -1.690431253312474225e-05 -1.150759043902297438e-05 1.336331616679063293e-04 2.413226809349445026e-04 6.909798945341643489e-03 4.917045043151773944e-05 4.947576572322710873e-07 -7.190132850477070488e-07 1.101008086334784482e-03 -3.856954986152458795e-05 5.893368206189731479e-03 -3.047190596279292576e-02 -9.055428854512607290e-03 -2.188819299125142892e-03 5.193862879647489876e-03 1.019206805325346705e-03 -8.185096952848753826e-01 -7.896220337284326485e-01 -6.261102029531711022e-01 -4.638359680238250404e-01 2.494494104371185400e-04 -2.590267453712324038e-05 4.239458099650384609e-04 -1.775639161691737770e-04 2.319585343237685979e-04 -1.371998790592141590e-04 2.062633091175610162e-04 -3.122963147647111147e-05 1.948900583983667351e-05 -9.883671864868767817e-05 8.872213843356846485e-03 6.963984839664971553e-03 2.093039706582757453e-01 -2.643984531096469359e-01 1.881535616146575926e-02 -2.290421065950188972e-05 1.618391608124480408e-04 -1.581464192426850965e-05 -7.114893911775870038e-05
-1.014480895728424705e-03 4.639485966925099066e-04 2.517805822112915932e-05 1.624716369730289388e-05 -1.862081692876771822e-04 -2.212770302285884338e-04 -4.147281839722625693e-03 -6.315180793268762246e-05 -2.244070927038325625e-06 2.070718788660996878e-06 9.776575449260175091e-03 1.674199311137921587e-05 -1.686422508678014909e-02 4.122615942474666673e-02 9.224621233584938407e-03 4.660630672865678781e-03 -1.182055817520569554e-02 -9.770101517083901524e-03 9.503107313614963525e-01 7.642359466362503850e-01 6.382530527531158349e-01 5.020694724771854744e-01 -3.932460421730866193e-04 1.507443388233639702e-04 -8.981653054605768941e-04 2.720127908036005246e-04 -6.475791112266980057e-04 7.211910496739286401e-04 -5.010539018412928352e-04 -2.319245999848654867e-06 -1.176232742982764976e-04 8.349768342365012730e-05 3.483034418166429304e-03 1.404492469277672795e-01 -2.643984531096469359e-01 3.899864478970542780e-01 -4.452816242713986128e-03 1.625600425725505895e-04 -2.400595959187204161e-04 -3.723623357396955362e-05 2.922335726515955888e-05
3.665399754663436697e-06 2.098420436580282977e-04 1.244725784757963175e-05 4.271467371232054845e-06 -4.133186973183871444e-05 6.740984008964889210e-05 6.436561193138438713e-05 -1.479551029418811195e-05 -3.366863632902791545e-06 4.519054066721018680e-06 3.807012156509279044e-02 -2.421468513942968449e-03 9.834897564747535625e-03 -9.362510098483859192e-03 -2.269647753726324393e-02 2.445302785609431134e-03 -3.652358519784710579e-03 -6.357059658905162176e-03 9.229740610343628582e-02 5.148354461739412802e-02 1.232328673086661580e-01 -1.538331348720938397e-03 3.790869344637022142e-04 2.088444790119523312e-04 2.138292010556550233e-04 1.287674727864307046e-05 -2.673465496016555389e-04 -3.007275935563690980e-03 1.145078576110603399e-04 -9.925087278860085928e-05 2.270724008506382359e-05 5.867055770536092296e-05 -6.703717972358197441e-02 7.969590844453497414e-02 1.881535616146575926e-02 -4.452816242713986128e-03 2.818968594279968043e-01 2.012828388120993577e-05 -4.395374419894236339e-05 1.232435025987090762e-05 -1.278890103055628825e-06
