# logA ns theta_MC_100 omegabh2 omegach2 tau A_planck calib_100T calib_217T A_cib_217 xi_sz_cib A_sz ksz_norm gal545_A_100 gal545_A_143 gal545_A_143_217 gal545_A_217 ps_A_100_100 ps_A_143_143 ps_A_143_217 ps_A_217_217 galf_TE_A_100 galf_TE_A_100_143 galf_TE_A_100_217 galf_TE_A_143 galf_TE_A_143_217 galf_TE_A_217 DES_DZ_S1 DES_DZ_S2 DES_DZ_S3 DES_DZ_S4 DES_A1_1 DES_A1_2 DES_A2_1 DES_A2_2 DES_BTA_1 DES_M1 DES_M2 DES_M3 DES_M4
2.659302621458508676e-04 2.300924989353151943e-05 1.417960166767751239e-06 7.669613719107430370e-07 -5.037141562318615904e-06 1.179926277147469801e-04 1.612616482909370394e-05 4.078074812966163975e-07 -1.030187773378945742e-07 -3.936555599830089680e-03 8.578223634179963264e-05 -5.167435659910451378e-05 -1.435991459620541673e-03 -4.375156474212757982e-04 1.863404302543582726e-04 5.154633247387133176e-04 2.897617580940182146e-03 -4.202502507998389508e-02 -6.938204882515015826e-02 -5.432418374944766176e-02 -2.476097919898251343e-02 -6.813965806686809203e-06 -1.564388024148717148e-06 -7.728394263500751088e-06 -1.801638778163204289e-05 -2.681832062730121161e-05 -9.355884899992324881e-05 1.394630828665291839e-06 7.074775855032270458e-07 -1.819808115105209995e-06 -2.102445234015997441e-06 4.076845677455415607e-04 9.576423261107535039e-04 7.428993638437556783e-04 -8.180308615378319333e-04 9.573319020682381536e-05 2.725138943001117540e-07 1.269222875681495954e-06 -9.139352228996989370e-07 -1.123003161606117946e-06
2.300924989353151943e-05 3.069178730568368837e-05 4.905391730149846629e-07 4.768806538805529583e-07 -4.246383241900059111e-06 1.420695301149026055e-05 7.185197719329055918e-07 -1.817266877755106708e-09 1.294688344371487339e-08 -1.847895334628527151e-03 3.131284037149071275e-05 -2.334881123074147901e-04 -4.046505017981630228e-04 2.087012588250506859e-04 1.289542524594602913e-04 -2.443344900806442206e-04 1.138385736959253908e-04 -4.514288147628917752e-02 -4.693588937795380167e-02 -3.882840192031077053e-02 -2.835009541550191636e-02 -3.577378813615409622e-06 2.445513614020984573e-06 -4.019067664216171066e-06 -3.204684630189659505e-06 -7.356765093846213786e-06 -4.498475188950599405e-05 -1.237094620025666950e-06 2.081811867757973072e-07 1.479544397907329611e-06 1.457517384920712509e-06 -3.408651244437349765e-04 -1.011664970853498298e-03 -6.842928410293384845e-04 7.815695315615738079e-04 1.685095669316296349e-04 6.674777855149180825e-09 2.540428566563361723e-08 1.208759314125490451e-06 2.092340532340660059e-06
1.417960166767751239e-06 4.905391730149846629e-07 2.213817732445188644e-07 3.011944582305646817e-08 -1.305281406552315950e-07 6.504778988361429990e-07 1.051517433157384480e-07 1.870353221428124154e-09 -1.890020511626121332e-09 -6.985678527853415106e-05 -7.067817314136563343e-07 -1.347385159418662701e-05 5.496114021397711324e-06 4.814454437660783978e-06 1.174556865659445582e-05 3.005442286834480268e-05 8.813006692697215470e-05 3.353183224996515266e-04 -3.835361812341357940e-04 -6.340057804253195145e-04 -4.001517183866645116e-04 -4.563807900014077900e-07 4.598022796089790058e-08 -5.462050648667413991e-07 -6.661173188645840494e-08 -1.544681202226032652e-06 -6.530243861146924150e-06 -5.228804993597512290e-08 9.205172319417317395e-10 5.595248342531663251e-08 1.113005763484091447e-07 -1.631961946911143798e-05 -5.002761517368810003e-05 -4.083902523470207054e-05 5.006460093991356756e-05 6.224219195355198942e-06 -2.131731086340982831e-09 -1.283115207790261578e-08 3.551315675167404277e-08 9.060388608144018494e-08
7.669613719107430370e-07 4.768806538805529583e-07 3.011944582305646817e-08 2.969414088597018763e-08 -1.144933785156990822e-07 3.959285550827816665e-07 3.506622252006479199e-08 4.048362311572479877e-09 2.242435919379395322e-09 -1.391018807881310240e-04 3.532832769047834779e-08 -7.299628352262010050e-06 -4.386106490392403112e-06 -2.924696840616991189e-06 -1.326339368130197845e-06 1.141365085609032009e-05 4.881487654815389575e-05 -6.864126260090102141e-04 -1.117386379648042764e-03 -9.939643691806296019e-04 -3.225852641635909741e-04 -3.802503588572433953e-08 -6.967077236886152291e-08 -2.640982947193472250e-07 -3.160612549704563764e-07 -6.589616192264726442e-07 -3.189200289173215683e-06 -3.724297155312897749e-08 -5.336964143178208632e-09 5.088689176961478371e-08 5.934279121320833103e-08 -1.286235423906487637e-05 -3.634052820555483724e-05 -2.508118344015649670e-05 2.753793081451988043e-05 4.541063448197123195e-06 3.029368626635308598e-09 -3.554275985619435500e-09 3.721104034112741949e-08 5.063839692993339890e-08
-5.037141562318615904e-06 -4.246383241900059111e-06 -1.305281406552315950e-07 -1.144933785156990822e-07 1.361919183147951731e-06 -3.693761141234110662e-06 -2.841328842115172262e-07 -7.116814381638909517e-09 -1.143824073716308274e-08 2.642145241847819806e-04 5.647148447762165472e-08 -2.315647937596345123e-05 -1.567805755321499258e-05 2.670209456657635392e-05 2.096191846107157253e-05 -1.603811587599004030e-04 -3.284025381039050668e-04 4.068757143232376691e-04 7.292337244580198623e-04 1.851809946374193905e-03 7.210230390143494749e-04 -7.780716375622331940e-07 -2.753090693223912277e-07 6.712767658034989783e-07 1.905920356068334996e-06 3.095170943436979825e-06 1.626872918728937428e-05 3.655627119510398976e-07 2.490205993633773112e-08 -4.784469334247998786e-07 -6.344873710786783012e-07 1.324136830763965333e-04 3.832389014132883513e-04 2.759369899309421325e-04 -2.984296797473154133e-04 -3.354149888212545975e-05 -4.070937742909144779e-08 1.885485568813956782e-08 -4.016685191975889081e-07 -5.731470359368047927e-07
1.179926277147469801e-04 1.420695301149026055e-05 6.504778988361429990e-07 3.959285550827816665e-07 -3.693761141234110662e-06 6.123780716465227912e-05 1.283437740877023172e-06 5.734163077424876869e-08 -1.499575074842359215e-08 1.094309974153946760e-04 2.216069293234376880e-05 2.650319928543785094e-04 -5.622073797432972520e-04 -1.642801591924532184e-05 3.647743998598472199e-04 9.386418413287336100e-04 7.864544898990368264e-04 -4.952653931375217838e-03 -8.150736929063602532e-03 -9.179690253653357765e-03 -6.529512890200108409e-03 -2.703331657938754310e-06 9.263148327130017552e-08 -3.443210870157765563e-06 -1.025695571871491010e-05 -1.117763335772852554e-05 -5.991228193917356429e-05 2.207172486204328436e-07 2.811430801400053783e-07 -5.250653049573570708e-07 -2.350807118724097066e-07 2.150797922713524308e-05 -9.612358339067633120e-05 7.696593254687729362e-06 -1.230477032813162665e-05 9.091634341015031393e-05 2.487201681362629648e-08 3.548741900508187008e-07 2.326986714336569956e-08 4.100574307699275134e-08
1.612616482909370394e-05 7.185197719329055918e-07 1.051517433157384480e-07 3.506622252006479199e-08 -2.841328842115172262e-07 1.283437740877023172e-06 6.836050270402493849e-06 3.586359297778637106e-08 -2.757983244393012533e-08 1.084330811644143924e-04 1.346368621126046560e-05 5.339813276838290955e-05 -2.325035230283996887e-06 -5.492525823131226266e-05 -1.146588855311142963e-04 -1.806423049078430428e-04 8.020774384540676474e-04 2.080251721689850217e-03 -2.082377168076698665e-03 -5.860231734159372869e-04 1.703628909572344960e-03 5.444187052338444238e-07 2.629698468636086430e-08 -7.263206934671702562e-07 2.893207011115622275e-08 -4.219863968446778311e-06 -1.315554819244745573e-06 5.368425342916274635e-08 9.255026741044205089e-08 1.377011172324963009e-07 -1.329798086607369000e-07 2.959321998606393418e-05 1.226028108908078999e-04 4.832772707087006964e-05 -5.817683305478076354e-05 -1.666766505523722139e-05 1.782454416871252274e-07 2.263457738264177315e-07 -1.009164358247868096e-07 5.104771636896543130e-08
4.078074812966163975e-07 -1.817266877755106708e-09 1.870353221428124154e-09 4.048362311572479877e-09 -7.116814381638909517e-09 5.734163077424876869e-08 3.586359297778637106e-08 4.062602929936043093e-07 6.067141341123013872e-09 -7.600036601420820381e-04 3.678191662216038960e-06 1.464099210183473230e-04 -8.382930649528649370e-05 1.532682624280409648e-04 -1.346889982516303328e-04 -9.498311889989745046e-05 7.364687829589965161e-05 3.049215845578324893e-03 -6.919244309481984920e-03 -3.584652310085039914e-03 -6.941266428464895697e-04 -4.123816001569690997e-07 -3.680887373320546835e-07 -1.647228560677742750e-07 4.868009966218262274e-08 -5.960156837151293997e-07 -1.449709142467480435e-06 2.372630782923421623e-08 -7.296694457569398398e-09 1.014602942236935409e-08 -2.642527500590990276e-08 -6.277375439236829067e-08 7.890611001708050813e-06 -2.896454800933432605e-07 1.110148430874482209e-06 -2.696559138021989025e-07 3.579948404830426793e-08 9.921471655694290838e-10 4.102576318733963530e-09 2.413588421023639864e-09
-1.030187773378945742e-07 1.294688344371487339e-08 -1.890020511626121332e-09 2.242435919379395322e-09 -1.143824073716308274e-08 -1.499575074842359215e-08 -2.757983244393012533e-08 6.067141341123013872e-09 4.128270792138205140e-07 1.116538696853814489e-03 -3.486926262472311073e-07 -3.557371919718746754e-05 3.970214219032068212e-05 -3.411288342201073779e-07 -1.697323851061461442e-05 2.913630687113306201e-04 5.595859130621678957e-04 -3.929269760924088703e-04 -1.849252963862905736e-03 4.866495130061034946e-04 7.817655462717749059e-04 -8.673993222846098139e-09 1.527055712434393038e-07 -3.660850360465228714e-07 3.999061928789594614e-07 -5.379857869472430614e-07 -1.819145774143224275e-06 -1.563612924606984822e-09 -1.978451332656613971e-08 1.799681522200391711e-08 1.094684437933312108e-08 -9.638047959335771798e-07 -1.431429082875670078e-05 -3.253037431731277811e-06 1.976869316974231197e-06 -4.906033349071667111e-07 -1.042934177529019775e-08 3.366643800215622080e-08 7.434999054456965541e-09 2.885185805658079530e-09
-3.936555599830089680e-03 -1.847895334628527151e-03 -6.985678527853415106e-05 -1.391018807881310240e-04 2.642145241847819806e-04 1.094309974153946760e-04 1.084330811644143924e-04 -7.600036601420820381e-04 1.116538696853814489e-03 1.925133077502374590e+02 -2.169180369427213817e-01 9.177906219463606297e-01 -1.138565576265844204e+00 1.320014065170992179e+00 -3.867836153931070720e-01 -1.598583747619917972e+01 -7.714957886156373945e+01 8.664713646140381798e+01 9.578355085359454790e+01 6.302842834786288595e-01 -6.504809852179403151e+02 -3.124495536884939421e-03 1.549497527461736988e-03 -1.584861506160720884e-02 -1.564465147689062495e-03 -1.316829462602328756e-02 -1.077751639159928512e-02 -4.717260695800896313e-04 -9.690672503419860704e-04 3.461289900276054866e-04 -6.274764229301300119e-04 2.217418448923524910e-02 -2.084958143086095561e-01 -1.680516882555710412e-02 2.672355878978309104e-02 4.743885392458851991e-02 4.430288984358560808e-04 -8.071456277750016582e-05 -1.062372864523016772e-03 -2.138977256963775042e-04
8.578223634179963264e-05 3.131284037149071275e-05 -7.067817314136563343e-07 3.532832769047834779e-08 5.647148447762165472e-08 2.216069293234376880e-05 1.346368621126046560e-05 3.678191662216038960e-06 -3.486926262472311073e-07 -2.169180369427213817e-01 8.211420321348181228e-02 1.266298134719294304e-02 -6.783970760904159403e-03 -1.402103647039933641e-02 1.501778377529848323e-02 4.732806491508448343e-02 2.769734181533335671e-02 -8.291004415656411108e-01 8.894501862688619642e-01 2.165842422824026947e+00 4.890087010495713371e-01 8.144217459920327011e-05 1.054716867329172638e-05 -4.832359596329597701e-05 3.844985562086110603e-05 1.836609388628359046e-04 -2.456496771890436635e-05 3.251979967768266844e-07 1.074751232828894650e-05 -1.630467926572270714e-06 1.851958509106875104e-05 5.685281566416838924e-04 -1.668343991960596863e-03 1.738355819904076512e-03 -2.465208782895730432e-03 -7.934375793550290388e-04 -3.728211587014297006e-06 5.610930203353869520e-06 -7.643172680384552895e-07 4.483140931803351290e-06
-5.167435659910451378e-05 -2.334881123074147901e-04 -1.347385159418662701e-05 -7.299628352262010050e-06 -2.315647937596345123e-05 2.650319928543785094e-04 5.339813276838290955e-05 1.464099210183473230e-04 -3.557371919718746754e-05 9.177906219463606297e-01 1.266298134719294304e-02 4.610297175809860981e+00 -3.526552416096679465e+00 -2.190931957315877532e-01 1.520546399443141183e-01 1.217939557631205982e+00 9.725847757056350629e-01 -1.833886773430629091e+01 1.723072886548886729e+01 4.180779521332470949e+01 2.675000610028317283e+01 -1.073489689239500279e-04 -2.413600370880224927e-04 -1.458133868663889646e-03 1.281637502219074671e-03 3.880424956398035143e-04 -5.316921243396386006e-03 -5.096467293890126000e-05 2.955269926581979931e-05 4.890783756496402414e-05 7.886496860488790195e-05 -2.410767491340507201e-03 -1.456840712479157661e-02 -6.054821690657216475e-03 6.475412826473327110e-03 -7.507159310040344320e-03 1.143390072426069599e-05 -1.454804956619489540e-04 -6.746354071208341232e-05 4.603831750119084077e-05
-1.435991459620541673e-03 -4.046505017981630228e-04 5.496114021397711324e-06 -4.386106490392403112e-06 -1.567805755321499258e-05 -5.622073797432972520e-04 -2.325035230283996887e-06 -8.382930649528649370e-05 3.970214219032068212e-05 -1.138565576265844204e+00 -6.783970760904159403e-03 -3.526552416096679465e+00 6.920851721978183768e+00 1.875695936623286431e-01 -1.643742890303301896e-01 -8.875230841080633537e-01 -6.087017078694778593e-01 1.303960755674625638e+01 -1.508498598455934037e+01 -3.317068515395818196e+01 -1.896502938381673431e+01 -1.168807863148466552e-03 -6.388503234650504776e-04 1.066092889080474211e-03 -2.003706779936738954e-03 -1.100230070003218501e-03 7.696273233499703083e-03 3.094246030707806754e-05 -8.851305144645377069e-05 -1.236697259786580195e-04 -2.752168966745342877e-05 -1.192868186546177170e-02 -7.449612043871556982e-03 -2.179296048535304606e-02 2.625730070720743922e-02 2.422717779992482941e-03 -8.449265147418230258e-05 1.936888436796006482e-04 1.505462604682181897e-05 6.615534301759099488e-05
-4.375156474212757982e-04 2.087012588250506859e-04 4.814454437660783978e-06 -2.924696840616991189e-06 2.670209456657635392e-05 -1.642801591924532184e-05 -5.492525823131226266e-05 1.532682624280409648e-04 -3.411288342201073779e-07 1.320014065170992179e+00 -1.402103647039933641e-02 -2.190931957315877532e-01 1.875695936623286431e-01 3.399128015332013142e+00 5.145134608520774977e-01 1.232590731966153735e-01 -1.680185731218571676e-01 -4.116996423518067161e+00 6.963609725260614169e+00 4.639682158209833318e+00 -1.092496166598246748e-01 -7.494209782315505502e-05 4.988143180499569071e-04 -1.460753935756347699e-04 -4.549640685071232901e-04 5.047051330289613683e-04 -3.605636533947272635e-04 -5.086963990773024234e-05 4.732064079155858942e-05 -2.002585833056003809e-05 -5.676329579754223393e-05 1.215982245138084528e-03 1.936205952849064452e-02 7.520885727071576279e-03 -5.691940453804977471e-03 1.939603750890695269e-02 6.356912719880160898e-05 -2.721290821267350691e-05 -1.457792611859413251e-05 5.111377152197557573e-05
1.863404302543582726e-04 1.289542524594602913e-04 1.174556865659445582e-05 -1.326339368130197845e-06 2.096191846107157253e-05 3.647743998598472199e-04 -1.146588855311142963e-04 -1.346889982516303328e-04 -1.697323851061461442e-05 -3.867836153931070720e-01 1.501778377529848323e-02 1.520546399443141183e-01 -1.643742890303301896e-01 5.145134608520774977e-01 3.322049465289555581e+00 2.706321712462828710e+00 2.715213964787277057e+00 2.815252823372807800e+00 -1.427321399349850672e+01 -7.482542447388349061e+00 -8.603792109070871330e-01 3.257061242986444448e-04 -7.697732044700057773e-05 -4.808485946981262216e-04 -1.936234988455974788e-04 -3.534617642690270891e-04 7.103449791325085715e-03 -1.232407081444292641e-04 1.353159680919104906e-05 1.425167107781933847e-04 1.066741737007295020e-04 -1.073306933937234623e-03 8.122231897697751793e-03 9.578200891505961323e-03 -6.869040054179578227e-03 5.568417673475357932e-03 -4.556575089214724331e-05 -1.004481921294846694e-04 -3.495655056615518878e-05 -2.973015887386760544e-05
5.154633247387133176e-04 -2.443344900806442206e-04 3.005442286834480268e-05 1.141365085609032009e-05 -1.603811587599004030e-04 9.386418413287336100e-04 -1.806423049078430428e-04 -9.498311889989745046e-05 2.913630687113306201e-04 -1.598583747619917972e+01 4.732806491508448343e-02 1.217939557631205982e+00 -8.875230841080633537e-01 1.232590731966153735e-01 2.706321712462828710e+00 1.546564772809525046e+01 2.791131780640141002e+01 1.279956081626724540e+01 2.179848178081793364e+01 -3.704358524855911838e+01 8.749060204902936455e-02 -1.227509257552592209e-03 4.907970677794997426e-04 -3.233929707340250578e-03 3.574628792814486095e-04 3.850549570834002015e-03 7.699378838164355407e-03 -1.074585648592056743e-04 1.979568239619903527e-04 3.850923726900571656e-04 3.664037616221494710e-04 -1.204180418736480740e-02 -3.240891257950171550e-02 -1.804727073894097852e-02 1.006183126892784378e-02 -1.419260290938298939e-02 1.322728587360071182e-04 -4.065029475784276620e-06 1.997291137800857473e-04 1.432861476664731688e-05
2.897617580940182146e-03 1.138385736959253908e-04 8.813006692697215470e-05 4.881487654815389575e-05 -3.284025381039050668e-04 7.864544898990368264e-04 8.020774384540676474e-04 7.364687829589965161e-05 5.595859130621678957e-04 -7.714957886156373945e+01 2.769734181533335671e-02 9.725847757056350629e-01 -6.087017078694778593e-01 -1.680185731218571676e-01 2.715213964787277057e+00 2.791131780640141002e+01 7.638313546844666746e+01 5.827533728711882688e+00 2.194770314508421194e+01 -5.219454691904931565e+01 1.181468339896453017e+02 -2.720655190159366110e-04 1.227958945348566486e-04 -5.963202822368407876e-04 5.215438786017011219e-04 9.742073611477622408e-03 2.301510827728449338e-02 1.778778556066049035e-06 6.934713032330658018e-04 5.038032499954718480e-04 6.029637007139367240e-04 -8.778348659541308774e-03 1.861027692651774992e-02 -3.093869634761528542e-02 1.685718449018541384e-02 -5.247510301112227882e-02 1.054399123548735261e-04 1.117785958563508996e-04 7.563041236563612614e-04 8.659008177496816771e-05
-4.202502507998389508e-02 -4.514288147628917752e-02 3.353183224996515266e-04 -6.864126260090102141e-04 4.068757143232376691e-04 -4.952653931375217838e-03 2.080251721689850217e-03 3.049215845578324893e-03 -3.929269760924088703e-04 8.664713646140381798e+01 -8.291004415656411108e-01 -1.833886773430629091e+01 1.303960755674625638e+01 -4.116996423518067161e+00 2.815252823372807800e+00 1.279956081626724540e+01 5.827533728711882688e+00 2.303705899896109713e+03 1.504611759780857255e+03 9.049270604660140407e+02 5.231415658052939079e+02 2.612161359289118419e-03 8.037276636650540762e-03 -2.202234159921447401e-02 -1.027613812498698667e-02 3.673485058133054565e-03 -1.683039399303806194e-01 7.574687881723498337e-05 7.952031083538645866e-04 1.479909221932895573e-04 3.876493831298687392e-03 -1.664935758608145078e-01 -2.194155440511566524e-01 -7.984063255769621170e-01 8.794537734769359849e-01 -4.594169808966855895e-01 1.674774688950830814e-03 -5.169979711531283033e-05 2.266527367416725034e-03 -1.312305154691525370e-03
-6.938204882515015826e-02 -4.693588937795380167e-02 -3.835361812341357940e-04 -1.117386379648042764e-03 7.292337244580198623e-04 -8.150736929063602532e-03 -2.082377168076698665e-03 -6.919244309481984920e-03 -1.849252963862905736e-03 9.578355085359454790e+01 8.894501862688619642e-01 1.723072886548886729e+01 -1.508498598455934037e+01 6.963609725260614169e+00 -1.427321399349850672e+01 2.179848178081793364e+01 2.194770314508421194e+01 1.504611759780857255e+03 3.027927936488234991e+03 2.365897869943904425e+03 1.554634616561636903e+03 1.972547274693125727e-02 1.741889850416884766e-02 -6.631654729798470982e-02 -2.136547477358062899e-02 2.745269958581942130e-02 -1.385868799896529391e-01 -4.052942408007161176e-04 6.103976831393184872e-04 -2.996018067587157691e-03 3.403804733618437123e-03 -2.307093065634297779e-01 -1.193673612340635071e+00 -5.404759210235460243e-01 4.793255608700529580e-01 -9.968920682852239201e-02 1.194702489951564523e-03 -1.896184738355781874e-03 -6.911038825846214755e-04 -1.132834690955274431e-03
-5.432418374944766176e-02 -3.882840192031077053e-02 -6.340057804253195145e-04 -9.939643691806296019e-04 1.851809946374193905e-03 -9.179690253653357765e-03 -5.860231734159372869e-04 -3.584652310085039914e-03 4.866495130061034946e-04 6.302842834786288595e-01 2.165842422824026947e+00 4.180779521332470949e+01 -3.317068515395818196e+01 4.639682158209833318e+00 -7.482542447388349061e+00 -3.704358524855911838e+01 -5.219454691904931565e+01 9.049270604660140407e+02 2.365897869943904425e+03 3.409842386066397921e+03 3.302503992711057435e+03 4.693028299144170329e-02 2.530323236632156178e-02 -5.885463382309804453e-02 8.334845632391136433e-03 -1.618770581416585294e-02 -6.142340195609548303e-02 -1.779635355422817214e-04 1.676740897248121961e-04 -2.606418547967235058e-03 6.760068240150374566e-04 -1.182757271146405581e-01 -1.011223208704540744e+00 -9.794758718525109487e-02 3.799760535732711608e-02 1.194045232716107449e-04 3.684085389411173475e-04 -8.815358573537821754e-04 -1.859458478813944037e-03 -4.278641527287206430e-04
-2.476097919898251343e-02 -2.835009541550191636e-02 -4.001517183866645116e-04 -3.225852641635909741e-04 7.210230390143494749e-04 -6.529512890200108409e-03 1.703628909572344960e-03 -6.941266428464895697e-04 7.817655462717749059e-04 -6.504809852179403151e+02 4.890087010495713371e-01 2.675000610028317283e+01 -1.896502938381673431e+01 -1.092496166598246748e-01 -8.603792109070871330e-01 8.749060204902936455e-02 1.181468339896453017e+02 5.231415658052939079e+02 1.554634616561636903e+03 3.302503992711057435e+03 6.341486790067762740e+03 5.894937301806747743e-02 3.215504287852193055e-02 5.399387443792333895e-03 3.341346241142902768e-02 -2.001848531866808750e-02 -7.687939896823642316e-02 1.243920584292989564e-03 1.984807509954489985e-03 -2.743546694193225392e-03 4.404895527058556013e-04 -2.479030108641100960e-01 -1.602888582645627391e-01 4.416738423642264932e-02 -9.978442820648371347e-02 4.617855307319777142e-02 -9.349390902662637302e-04 8.194357740168363869e-04 6.999888857680575550e-04 -7.565912568952615810e-05
-6.813965806686809203e-06 -3.577378813615409622e-06 -4.563807900014077900e-07 -3.802503588572433953e-08 -7.780716375622331940e-07 -2.703331657938754310e-06 5.444187052338444238e-07 -4.123816001569690997e-07 -8.673993222846098139e-09 -3.124495536884939421e-03 8.144217459920327011e-05 -1.073489689239500279e-04 -1.168807863148466552e-03 -7.494209782315505502e-05 3.257061242986444448e-04 -1.227509257552592209e-03 -2.720655190159366110e-04 2.612161359289118419e-03 1.972547274693125727e-02 4.693028299144170329e-02 5.894937301806747743e-02 1.482379639517710955e-03 2.740628779123887747e-04 6.101539846225223203e-05 -3.197468603732932647e-04 -4.150401658780555241e-05 -3.453940021351559913e-04 8.124746393214184989e-08 -8.780404726297907655e-07 1.640217786908546725e-06 6.336082984852835858e-07 -4.847601715814753737e-05 -2.987498591536213023e-04 -3.185509425653713662e-04 4.349202364662032162e-04 8.687794573436141764e-05 1.488927141210816691e-06 1.557052131570184659e-06 -7.691195541332638700e-07 5.744150973028415756e-07
-1.564388024148717148e-06 2.445513614020984573e-06 4.598022796089790058e-08 -6.967077236886152291e-08 -2.753090693223912277e-07 9.263148327130017552e-08 2.629698468636086430e-08 -3.680887373320546835e-07 1.527055712434393038e-07 1.549497527461736988e-03 1.054716867329172638e-05 -2.413600370880224927e-04 -6.388503234650504776e-04 4.988143180499569071e-04 -7.697732044700057773e-05 4.907970677794997426e-04 1.227958945348566486e-04 8.037276636650540762e-03 1.741889850416884766e-02 2.530323236632156178e-02 3.215504287852193055e-02 2.740628779123887747e-04 8.726131683100999629e-04 2.585745724949545880e-05 7.593112144566274051e-04 9.470108817672438577e-05 -7.715683806122738313e-04 -7.172895130885246504e-07 1.255024058878308660e-06 5.482504641332177336e-07 1.647739602681834201e-06 -1.480474187212248486e-04 -7.134081354759893787e-04 6.838460988780833451e-05 -1.636255370754216315e-04 1.040449553291518815e-04 4.631392607753907607e-07 -2.789635245172863854e-07 1.746181367628432979e-07 2.235533028756678229e-07
-7.728394263500751088e-06 -4.019067664216171066e-06 -5.462050648667413991e-07 -2.640982947193472250e-07 6.712767658034989783e-07 -3.443210870157765563e-06 -7.263206934671702562e-07 -1.647228560677742750e-07 -3.660850360465228714e-07 -1.584861506160720884e-02 -4.832359596329597701e-05 -1.458133868663889646e-03 1.066092889080474211e-03 -1.460753935756347699e-04 -4.808485946981262216e-04 -3.233929707340250578e-03 -5.963202822368407876e-04 -2.202234159921447401e-02 -6.631654729798470982e-02 -5.885463382309804453e-02 5.399387443792333895e-03 6.101539846225223203e-05 2.585745724949545880e-05 7.207416883734660447e-03 -2.896152405956004200e-04 6.918513499440088295e-04 4.845690568719747231e-03 -6.944685814283015915e-06 -6.743624208298384133e-06 -1.688838263462936566e-06 -5.247817801112662642e-06 4.845951631546536917e-05 -1.542969528172138125e-03 6.871394334027676085e-05 -1.409045211477306004e-06 -3.511432435581907010e-04 4.798172798938534816e-07 5.108964078498813520e-06 1.737959375849726925e-07 8.187229155534203063e-07
-1.801638778163204289e-05 -3.204684630189659505e-06 -6.661173188645840494e-08 -3.160612549704563764e-07 1.905920356068334996e-06 -1.025695571871491010e-05 2.893207011115622275e-08 4.868009966218262274e-08 3.999061928789594614e-07 -1.564465147689062495e-03 3.844985562086110603e-05 1.281637502219074671e-03 -2.003706779936738954e-03 -4.549640685071232901e-04 -1.936234988455974788e-04 3.574628792814486095e-04 5.215438786017011219e-04 -1.027613812498698667e-02 -2.136547477358062899e-02 8.334845632391136433e-03 3.341346241142902768e-02 -3.197468603732932647e-04 7.593112144566274051e-04 -2.896152405956004200e-04 2.990989171603021177e-03 5.321431100254057824e-04 -6.677120146314320182e-04 -3.208278455496170870e-06 4.968462007742766669e-07 -3.202202037760603927e-06 -3.969963605983775838e-07 1.716248790398623123e-05 -2.116697864605675641e-04 4.365350583309413621e-04 -6.563806803978329378e-04 8.957493676711094041e-06 3.501300365530979007e-07 1.168574977392536339e-06 2.236088547771471815e-06 4.477213532366922128e-07
-2.681832062730121161e-05 -7.356765093846213786e-06 -1.544681202226032652e-06 -6.589616192264726442e-07 3.095170943436979825e-06 -1.117763335772852554e-05 -4.219863968446778311e-06 -5.960156837151293997e-07 -5.379857869472430614e-07 -1.316829462602328756e-02 1.836609388628359046e-04 3.880424956398035143e-04 -1.100230070003218501e-03 5.047051330289613683e-04 -3.534617642690270891e-04 3.850549570834002015e-03 9.742073611477622408e-03 3.673485058133054565e-03 2.745269958581942130e-02 -1.618770581416585294e-02 -2.001848531866808750e-02 -4.150401658780555241e-05 9.470108817672438577e-05 6.918513499440088295e-04 5.321431100254057824e-04 6.748741410330798794e-03 8.122028779333434478e-03 1.167369513417351011e-06 2.687082011676323767e-06 -9.106736540945217380e-07 3.544259669919201655e-06 2.768166697565523971e-04 2.386872833725937957e-04 8.408969137420184035e-04 -1.143275488010544972e-03 -3.072747490127967856e-04 -3.844393677984535432e-07 3.999865904970584145e-06 -3.439229932060228050e-06 1.514588491841483125e-06
-9.355884899992324881e-05 -4.498475188950599405e-05 -6.530243861146924150e-06 -3.189200289173215683e-06 1.626872918728937428e-05 -5.991228193917356429e-05 -1.315554819244745573e-06 -1.449709142467480435e-06 -1.819145774143224275e-06 -1.077751639159928512e-02 -2.456496771890436635e-05 -5.316921243396386006e-03 7.696273233499703083e-03 -3.605636533947272635e-04 7.103449791325085715e-03 7.699378838164355407e-03 2.301510827728449338e-02 -1.683039399303806194e-01 -1.385868799896529391e-01 -6.142340195609548303e-02 -7.687939896823642316e-02 -3.453940021351559913e-04 -7.715683806122738313e-04 4.845690568719747231e-03 -6.677120146314320182e-04 8.122028779333434478e-03 8.363219043544578568e-02 5.317005680386631090e-07 -1.321326271339243961e-05 -1.178252080039376901e-05 6.008292653426889424e-06 1.389325648018365595e-03 8.241930603270507293e-04 3.964963997502398557e-03 -4.351070346052319897e-03 -8.294511111652682180e-04 6.336797836621701249e-06 9.647535078391728111e-06 6.361900995439973828e-06 5.242723301991800554e-06
1.394630828665291839e-06 -1.237094620025666950e-06 -5.228804993597512290e-08 -3.724297155312897749e-08 3.655627119510398976e-07 2.207172486204328436e-07 5.368425342916274635e-08 2.372630782923421623e-08 -1.563612924606984822e-09 -4.717260695800896313e-04 3.251979967768266844e-07 -5.096467293890126000e-05 3.094246030707806754e-05 -5.086963990773024234e-05 -1.232407081444292641e-04 -1.074585648592056743e-04 1.778778556066049035e-06 7.574687881723498337e-05 -4.052942408007161176e-04 -1.779635355422817214e-04 1.243920584292989564e-03 8.124746393214184989e-08 -7.172895130885246504e-07 -6.944685814283015915e-06 -3.208278455496170870e-06 1.167369513417351011e-06 5.317005680386631090e-07 2.319798509242044195e-05 7.763316146594964603e-07 4.134824278741132888e-08 -2.568192897470883612e-07 9.278484162662600115e-05 -7.404640470517246352e-04 2.168706233374466841e-04 -5.057510097524238338e-04 1.111679398854685817e-04 -8.076403304594439886e-08 2.310331923779018005e-07 -1.715856101961475785e-07 -8.344667739687753789e-08
7.074775855032270458e-07 2.081811867757973072e-07 9.205172319417317395e-10 -5.336964143178208632e-09 2.490205993633773112e-08 2.811430801400053783e-07 9.255026741044205089e-08 -7.296694457569398398e-09 -1.978451332656613971e-08 -9.690672503419860704e-04 1.074751232828894650e-05 2.955269926581979931e-05 -8.851305144645377069e-05 4.732064079155858942e-05 1.353159680919104906e-05 1.979568239619903527e-04 6.934713032330658018e-04 7.952031083538645866e-04 6.103976831393184872e-04 1.676740897248121961e-04 1.984807509954489985e-03 -8.780404726297907655e-07 1.255024058878308660e-06 -6.743624208298384133e-06 4.968462007742766669e-07 2.687082011676323767e-06 -1.321326271339243961e-05 7.763316146594964603e-07 2.389827095728344936e-05 5.835921946419535300e-07 3.576818957471453719e-07 1.836890693527696303e-04 6.851318324879460478e-04 1.592204703751740969e-05 -4.860862451959489881e-05 -7.675820917929251192e-05 4.827378114222179660e-07 -4.476342459745053032e-07 -7.938859895095528185e-08 3.908579406634624175e-07
-1.819808115105209995e-06 1.479544397907329611e-06 5.595248342531663251e-08 5.088689176961478371e-08 -4.784469334247998786e-07 -5.250653049573570708e-07 1.377011172324963009e-07 1.014602942236935409e-08 1.799681522200391711e-08 3.461289900276054866e-04 -1.630467926572270714e-06 4.890783756496402414e-05 -1.236697259786580195e-04 -2.002585833056003809e-05 1.425167107781933847e-04 3.850923726900571656e-04 5.038032499954718480e-04 1.479909221932895573e-04 -2.996018067587157691e-03 -2.606418547967235058e-03 -2.743546694193225392e-03 1.640217786908546725e-06 5.482504641332177336e-07 -1.688838263462936566e-06 -3.202202037760603927e-06 -9.106736540945217380e-07 -1.178252080039376901e-05 4.134824278741132888e-08 5.835921946419535300e-07 2.357644099277643758e-05 6.328902956786181898e-07 -5.505996604505945417e-05 9.232303099881045572e-05 6.555916851484554961e-06 -7.801938583409323091e-05 -2.276219707220596613e-05 3.087535274202174966e-08 2.980338946373442433e-07 -1.005792021078722959e-06 8.122854178566896270e-07
-2.102445234015997017e-06 1.457517384920712086e-06 1.113005763484091447e-07 5.934279121320834427e-08 -6.344873710786783012e-07 -2.350807118724098125e-07 -1.329798086607368735e-07 -2.642527500590990607e-08 1.094684437933315086e-08 -6.274764229301304456e-04 1.851958509106875443e-05 7.886496860488782063e-05 -2.752168966745339150e-05 -5.676329579754228814e-05 1.066741737007295020e-04 3.664037616221494710e-04 6.029637007139371577e-04 3.876493831298688259e-03 3.403804733618437991e-03 6.760068240150388661e-04 4.404895527058547882e-04 6.336082984852840093e-07 1.647739602681832719e-06 -5.247817801112659254e-06 -3.969963605983782190e-07 3.544259669919201655e-06 6.008292653426880106e-06 -2.568192897470884141e-07 3.576818957471453719e-07 6.328902956786181898e-07 2.547117097510073638e-05 -6.559263116290457913e-05 -4.260768918238957360e-06 -1.282565672241940333e-04 1.328018895982957081e-04 1.010304868757456933e-05 1.535971477659985222e-07 1.053053083049196795e-07 6.945116214454008342e-07 -1.190547257581391218e-06
4.076845677455415607e-04 -3.408651244437349765e-04 -1.631961946911143798e-05 -1.286235423906487637e-05 1.324136830763965333e-04 2.150797922713524308e-05 2.959321998606393418e-05 -6.277375439236829067e-08 -9.638047959335771798e-07 2.217418448923524910e-02 5.685281566416838924e-04 -2.410767491340507201e-03 -1.192868186546177170e-02 1.215982245138084528e-03 -1.073306933937234623e-03 -1.204180418736480740e-02 -8.778348659541308774e-03 -1.664935758608145078e-01 -2.307093065634297779e-01 -1.182757271146405581e-01 -2.479030108641100960e-01 -4.847601715814753737e-05 -1.480474187212248486e-04 4.845951631546536917e-05 1.716248790398623123e-05 2.768166697565523971e-04 1.389325648018365595e-03 9.278484162662600115e-05 1.836890693527696303e-04 -5.505996604505945417e-05 -6.559263116290457913e-05 1.202613510156718690e-01 4.530752286869028089e-01 4.099220210791646932e-03 5.919401580984797080e-03 -6.782323503892456751e-02 5.920984784166108674e-06 4.766660377769107293e-05 -2.817560027897518863e-05 5.505865926733834981e-06
9.576423261107535039e-04 -1.011664970853498298e-03 -5.002761517368810003e-05 -3.634052820555483724e-05 3.832389014132883513e-04 -9.612358339067633120e-05 1.226028108908078999e-04 7.890611001708050813e-06 -1.431429082875670078e-05 -2.084958143086095561e-01 -1.668343991960596863e-03 -1.456840712479157661e-02 -7.449612043871556982e-03 1.936205952849064452e-02 8.122231897697751793e-03 -3.240891257950171550e-02 1.861027692651774992e-02 -2.194155440511566524e-01 -1.193673612340635071e+00 -1.011223208704540744e+00 -1.602888582645627391e-01 -2.987498591536213023e-04 -7.134081354759893787e-04 -1.542969528172138125e-03 -2.116697864605675641e-04 2.386872833725937957e-04 8.241930603270507293e-04 -7.404640470517246352e-04 6.851318324879460478e-04 9.232303099881045572e-05 -4.260768918238957360e-06 4.530752286869028089e-01 3.938608660379304016e+00 3.004557797970357907e-02 1.034276742006367683e-01 7.609356307547374132e-02 -1.912419049177374304e-04 3.155955810498049129e-05 -4.647198844814709950e-06 1.459890254276674461e-04
7.428993638437558951e-04 -6.842928410293384845e-04 -4.083902523470209087e-05 -2.508118344015648993e-05 2.759369899309421868e-04 7.696593254687758161e-06 4.832772707087006287e-05 -2.896454800933441604e-07 -3.253037431731273153e-06 -1.680516882555710759e-02 1.738355819904078897e-03 -6.054821690657211271e-03 -2.179296048535306687e-02 7.520885727071571075e-03 9.578200891505949180e-03 -1.804727073894096812e-02 -3.093869634761529930e-02 -7.984063255769624501e-01 -5.404759210235464684e-01 -9.794758718525119201e-02 4.416738423642316280e-02 -3.185509425653714204e-04 6.838460988780830740e-05 6.871394334027682862e-05 4.365350583309417416e-04 8.408969137420180782e-04 3.964963997502397690e-03 2.168706233374466841e-04 1.592204703751740969e-05 6.555916851484554961e-06 -1.282565672241940333e-04 4.099220210791646932e-03 3.004557797970357907e-02 1.958103345958347730e-01 -2.757116912307465695e-01 1.928627453402970149e-02 -4.624360234126406299e-05 1.475545369883644365e-04 1.901742418571940137e-05 -9.218302367833871701e-05
-8.180308615378319333e-04 7.815695315615738079e-04 5.006460093991356756e-05 2.753793081451988043e-05 -2.984296797473154133e-04 -1.230477032813162665e-05 -5.817683305478076354e-05 1.110148430874482209e-06 1.976869316974231197e-06 2.672355878978309104e-02 -2.465208782895730432e-03 6.475412826473327110e-03 2.625730070720743922e-02 -5.691940453804977471e-03 -6.869040054179578227e-03 1.006183126892784378e-02 1.685718449018541384e-02 8.794537734769359849e-01 4.793255608700529580e-01 3.799760535732711608e-02 -9.978442820648371347e-02 4.349202364662032162e-04 -1.636255370754216315e-04 -1.409045211477306004e-06 -6.563806803978329378e-04 -1.143275488010544972e-03 -4.351070346052319897e-03 -5.057510097524238338e-04 -4.860862451959489881e-05 -7.801938583409323091e-05 1.328018895982957081e-04 5.919401580984797080e-03 1.034276742006367683e-01 -2.757116912307465695e-01 4.313123165429716965e-01 -6.128384711722789820e-03 1.743074309066795162e-04 -2.377015788605007856e-04 -9.716045119133356043e-05 6.992157288624490936e-05
9.573319020682381536e-05 1.685095669316296349e-04 6.224219195355198942e-06 4.541063448197123195e-06 -3.354149888212545975e-05 9.091634341015031393e-05 -1.666766505523722139e-05 -2.696559138021989025e-07 -4.906033349071667111e-07 4.743885392458851991e-02 -7.934375793550290388e-04 -7.507159310040344320e-03 2.422717779992482941e-03 1.939603750890695269e-02 5.568417673475357932e-03 -1.419260290938298939e-02 -5.247510301112227882e-02 -4.594169808966855895e-01 -9.968920682852239201e-02 1.194045232716107449e-04 4.617855307319777142e-02 8.687794573436141764e-05 1.040449553291518815e-04 -3.511432435581907010e-04 8.957493676711094041e-06 -3.072747490127967856e-04 -8.294511111652682180e-04 1.111679398854685817e-04 -7.675820917929251192e-05 -2.276219707220596613e-05 1.010304868757456933e-05 -6.782323503892456751e-02 7.609356307547374132e-02 1.928627453402970149e-02 -6.128384711722789820e-03 2.822474028153738601e-01 -7.797283627095747630e-06 -5.381708912769453331e-05 -2.031579661062968825e-06 -3.266415986968350876e-06
2.725138943001109600e-07 6.674777855149096452e-09 -2.131731086340965460e-09 3.029368626635307357e-09 -4.070937742909148088e-08 2.487201681362625678e-08 1.782454416871252803e-07 3.579948404830425469e-08 -1.042934177529018451e-08 4.430288984358562976e-04 -3.728211587014280066e-06 1.143390072426077053e-05 -8.449265147418232968e-05 6.356912719880162253e-05 -4.556575089214726364e-05 1.322728587360070640e-04 1.054399123548734177e-04 1.674774688950831899e-03 1.194702489951564523e-03 3.684085389411168596e-04 -9.349390902662647060e-04 1.488927141210817115e-06 4.631392607753910254e-07 4.798172798938526345e-07 3.501300365531004947e-07 -3.844393677984542844e-07 6.336797836621691084e-06 -8.076403304594430622e-08 4.827378114222179660e-07 3.087535274202174966e-08 1.535971477659985222e-07 5.920984784166108674e-06 -1.912419049177374304e-04 -4.624360234126406299e-05 1.743074309066795162e-04 -7.797283627095747630e-06 2.498562247978527919e-05 1.346811202640772372e-07 1.700948124068181141e-07 -5.469463909706517329e-08
1.269222875681495954e-06 2.540428566563361723e-08 -1.283115207790261578e-08 -3.554275985619435500e-09 1.885485568813956782e-08 3.548741900508187008e-07 2.263457738264177315e-07 9.921471655694290838e-10 3.366643800215622080e-08 -8.071456277750016582e-05 5.610930203353869520e-06 -1.454804956619489540e-04 1.936888436796006482e-04 -2.721290821267350691e-05 -1.004481921294846694e-04 -4.065029475784276620e-06 1.117785958563508996e-04 -5.169979711531283033e-05 -1.896184738355781874e-03 -8.815358573537821754e-04 8.194357740168363869e-04 1.557052131570184659e-06 -2.789635245172863854e-07 5.108964078498813520e-06 1.168574977392536339e-06 3.999865904970584145e-06 9.647535078391728111e-06 2.310331923779018005e-07 -4.476342459745053032e-07 2.980338946373442433e-07 1.053053083049196795e-07 4.766660377769107293e-05 3.155955810498049129e-05 1.475545369883644365e-04 -2.377015788605007856e-04 -5.381708912769453331e-05 1.346811202640772372e-07 2.405968039764890532e-05 2.131543326612543399e-07 2.044256907663229305e-07
