# logA ns theta_MC_100 omegabh2 omegach2 tau omegam_growth A_planck calib_100T calib_217T A_cib_217 xi_sz_cib A_sz ksz_norm gal545_A_100 gal545_A_143 gal545_A_143_217 gal545_A_217 ps_A_100_100 ps_A_143_143 ps_A_143_217 ps_A_217_217 galf_TE_A_100 galf_TE_A_100_143 galf_TE_A_100_217 galf_TE_A_143 galf_TE_A_143_217 galf_TE_A_217 DES_DZ_S1 DES_DZ_S2 DES_DZ_S3 DES_DZ_S4 DES_A1_1 DES_A1_2 DES_A2_1 DES_A2_2 DES_BTA_1 DES_M1 DES_M2 DES_M3 DES_M4
2.786260680643553927e-04 1.248396592350516916e-05 3.591861941074783563e-07 3.407539865660818437e-07 -1.419489521970645041e-06 1.260089150105242082e-04 -7.800248647672540188e-05 1.151687749233373172e-05 3.105232757922512227e-07 -4.614788384543629326e-08 -2.353334877128493430e-03 1.015005580604790540e-04 -5.364627513098653693e-04 -4.267545557151754829e-04 -1.870319870943958507e-04 -5.601416154833309706e-04 -1.370224711588887388e-03 -8.383567979576702711e-05 -4.802578999388851244e-02 -5.501253606405858559e-02 -3.282402560928777274e-02 -1.264459959691184576e-02 -1.241738368372787246e-05 -1.051590503544990169e-05 -1.722574458262726287e-05 -2.185803948954458901e-05 -5.444354713301168772e-06 5.121520397345314865e-05 2.248162530528608435e-06 -6.364493073698778862e-07 -1.961489936311420242e-06 -6.938293064824045701e-07 9.935954137100415969e-04 1.659747673409230333e-03 3.386563183442750993e-04 5.623409552884008327e-04 -3.229471879306911877e-05 1.389972191630466268e-07 2.107825853726347733e-08 -7.846322326184207688e-07 -1.040979638927497800e-06
1.248396592350516916e-05 4.249435309056169547e-05 8.603952657986509856e-07 7.643469366521941287e-07 -6.515844888079169346e-06 1.102728761952147112e-05 4.288861461599107665e-05 5.583486301233219888e-07 9.929603745708344281e-08 1.427323252774783932e-08 -3.701920051181624080e-03 2.676575554921526923e-05 -4.951411730097216154e-04 -5.593440397643423484e-04 2.684940639943933158e-04 8.732180124629339377e-05 -9.357714940077217292e-04 -3.492540445881450934e-04 -5.977411088623523633e-02 -6.906164887946902864e-02 -4.904014754847017821e-02 -3.091189401194058620e-02 -2.932079403107441245e-06 -1.669729410796549824e-06 4.036441084659199546e-06 -1.073187257646183132e-05 -7.981489871744689284e-06 -4.458675342721590308e-05 -7.169920856642591816e-07 -6.217796654026793330e-08 7.752302113972547582e-07 6.580342492838894761e-07 -6.666978017289683194e-04 -1.005457987257872641e-03 4.683067543410579528e-06 -2.655176276110507482e-04 -9.722463989712322062e-05 -2.803882262772253157e-07 1.183748958829106449e-07 5.345076518100049438e-07 4.851209323260751119e-07
3.591861941074783563e-07 8.603952657986509856e-07 2.132572437367677299e-07 3.254941184161337021e-08 -2.042871189097118892e-07 3.495451887941891206e-07 2.026817631649816912e-06 -1.633579418374024180e-08 3.780891109667269847e-09 -7.949660396554930631e-10 -1.164514586481867991e-04 1.070382062922798875e-06 -3.293218309904487938e-06 -4.643455070627622992e-06 1.723889834123639423e-05 3.955568745879943032e-06 1.307692093780156012e-05 2.260393450518557965e-05 -3.228242660471142820e-04 -4.107135229415098611e-04 -3.633846443047056870e-04 2.010738438232413878e-04 4.022032682912504635e-08 1.499778301622779206e-07 -2.180036195438708479e-07 -3.086686435351317767e-07 -8.355734201487184735e-07 -6.493449449933412170e-06 -2.242581508536076007e-08 3.479987513024041591e-09 2.321659806361201182e-08 3.274052620666877609e-08 -2.676869366955415505e-05 -3.013547423905016211e-05 -2.223483153135436666e-05 -1.956823319720755626e-05 -2.650485708067738185e-06 -1.624755499850704957e-09 1.814584071767048669e-08 1.273010160541098027e-08 1.108548392013595846e-08
3.407539865660818437e-07 7.643469366521941287e-07 3.254941184161337021e-08 3.725830039886750204e-08 -1.760767451446483165e-07 2.650058156248707914e-07 1.379887435865234802e-06 1.127180864393138216e-08 5.001651916494989516e-09 -2.134721924319247251e-10 -1.273036109229400007e-04 1.480919146658131393e-07 -1.146825368295337314e-05 -1.135960895791560009e-05 1.217444428518384796e-06 -6.806616372507105782e-06 -2.754676467854773664e-05 -1.576545249146192159e-05 -1.035895340694436423e-03 -1.420321954498875768e-03 -1.054098263605586852e-03 -4.535258260258304510e-04 -1.163184112501901516e-07 -3.772122975816021321e-08 1.209445418338772596e-07 -2.471116709362412564e-07 -1.684258252226376100e-07 -2.231090374428955413e-06 -2.547973844048835009e-08 8.435674778689583246e-09 2.980518840250747730e-08 1.695208882944202190e-08 -2.114587254760033958e-05 -3.578975988888600591e-05 -1.726999175216475593e-06 -7.127075390554957992e-06 -1.550619017235301390e-06 -6.748937328131233518e-09 5.886751920893669428e-09 2.064109211595315807e-08 1.408016521604082117e-08
-1.419489521970645041e-06 -6.515844888079169346e-06 -2.042871189097118892e-07 -1.760767451446483165e-07 1.968046339080382690e-06 -2.711405485453536047e-06 -1.462278836320556497e-05 -1.021138168942986741e-07 -8.557921150961536364e-09 1.828418282052145939e-09 3.546920121863036545e-04 1.754111040942518431e-06 -7.306093297008625290e-06 1.867714506829696200e-05 -2.117921112896653844e-05 -1.207546417252448693e-05 3.147803651216191150e-05 5.615466863283932676e-06 1.501177605560543573e-03 2.364921414858348492e-03 1.740538556613014385e-03 1.907883819415798752e-04 7.879114621010916637e-07 -8.238857506598953538e-08 -1.320843290380459073e-06 2.321210759695739381e-06 1.537485337054296040e-06 1.463781811339903787e-05 2.573269316622118138e-07 -6.114604558653971842e-08 -2.683032231804218083e-07 -1.049093147016896547e-07 2.167894071497497880e-04 2.946810637109641639e-04 1.032464664184565345e-05 2.192526087032154440e-05 1.826091922348682615e-05 9.374003629504859045e-08 -2.980915888723244588e-08 -1.982397500540041209e-07 -1.382725265989521489e-07
1.260089150105242082e-04 1.102728761952147112e-05 3.495451887941891206e-07 2.650058156248707914e-07 -2.711405485453536047e-06 6.627867792467632057e-05 -1.887414208041049210e-05 -4.805349239699301684e-07 3.166504013703658894e-08 -2.321221249967523854e-08 1.588965578748827078e-05 3.084877209914639763e-05 -2.240027904702605090e-06 1.224597039661442999e-06 1.264592918049013042e-04 -1.008249378061091455e-04 -1.629591348269880983e-04 -6.579407935795165323e-04 -6.430507979720931355e-03 -1.487597740023239743e-03 -3.074810024025459009e-04 5.444400593580553480e-04 -5.527746255324909348e-06 -3.034456329216655993e-06 -7.950108240631950686e-06 -1.082207898612905469e-05 -4.182228765976396487e-06 -1.090760796859045023e-05 8.288175116030422516e-07 -2.227465367764706429e-07 -5.052907916375961144e-07 -1.034098273271191399e-07 2.358941701067349334e-04 5.518307354355889540e-04 1.276941026500246032e-04 6.074839156281859533e-05 -3.351385928336867793e-05 2.153778395348680829e-08 -1.269056809787489749e-08 -1.532144595974357986e-07 -3.695590031183297798e-07
-7.800248647672540188e-05 4.288861461599107665e-05 2.026817631649816912e-06 1.379887435865234802e-06 -1.462278836320556497e-05 -1.887414208041049210e-05 1.945522287779852559e-03 -3.553916223900397776e-06 6.454350727525256485e-08 1.015031730021455457e-07 -1.283455578662277569e-03 -2.405374946761354129e-05 6.544437717576245990e-04 2.150148597375417363e-04 3.088643711456959934e-04 -4.749274038700345714e-04 4.844534373483081542e-05 -1.635735327026485893e-03 1.441814818658083107e-02 6.157761110644358136e-04 4.545147017181274014e-03 1.614531798754138478e-02 -4.648832051539269217e-06 3.012504697043202652e-07 4.430835199486227036e-05 -2.318694675856664331e-05 1.007154942359135719e-05 -1.025145478976347203e-04 3.660967442483351335e-06 -2.267577104599249615e-06 -9.250269821868948951e-06 -3.190075358286933613e-06 4.184895530775448874e-03 5.227549317837486102e-03 1.394489947001871239e-04 -2.693959170274952668e-03 3.867832714902440770e-05 -1.018050506123988123e-06 -1.077575756601595835e-06 -6.099204635125964771e-06 -4.042116673091469859e-06
1.151687749233373172e-05 5.583486301233219888e-07 -1.633579418374024180e-08 1.127180864393138216e-08 -1.021138168942986741e-07 -4.805349239699301684e-07 -3.553916223900397776e-06 6.251192092370856514e-06 -7.609733573172245843e-09 -4.492969118251271378e-09 7.732642447199516208e-04 7.625897418003925010e-06 3.803609043808129926e-05 -7.374311677779293612e-05 -2.347041231499530795e-06 2.444470791652709023e-05 -1.042264730732845945e-04 6.930758847090870509e-04 1.819465140720128837e-03 -1.232612817555538576e-03 1.532223990121321829e-03 1.499208409248920263e-03 -1.505423949507675306e-06 -1.549099548139779464e-06 8.126322839867728046e-07 -1.529775435107898327e-06 -7.132316183338014250e-07 1.897366719229633079e-05 2.180888329795959801e-08 -3.149440376034417097e-08 -2.287936651871436773e-07 -1.248309510450087323e-07 2.656668155668916095e-05 -2.339808012184206495e-05 5.371057885379042722e-06 1.677337098979588730e-04 2.366772265120382461e-06 -2.666335214017136140e-08 1.362975663844393907e-08 -5.666468874081576806e-08 -6.431599768811580938e-08
3.105232757922512227e-07 9.929603745708344281e-08 3.780891109667269847e-09 5.001651916494989516e-09 -8.557921150961536364e-09 3.166504013703658894e-08 6.454350727525256485e-08 -7.609733573172245843e-09 4.141078978857320711e-07 -4.509405734596740939e-09 -8.284841948841903739e-04 4.446522722414403838e-06 1.223909201051484022e-04 -8.982046781127117022e-05 1.410055410386484354e-04 -1.406301695629248857e-04 -7.984431689454888096e-05 8.236568702491310341e-05 2.823351923040535918e-03 -7.849615673037347099e-03 -4.864300506088098733e-03 -1.605061015063742645e-03 -4.687739001461096966e-08 -1.981415261798369295e-07 -3.380448868095084519e-07 -1.633192013019000085e-07 2.136775915723538354e-07 -1.125385848195635568e-06 -1.212703808946771331e-08 -5.843671497471568196e-09 3.116425444144364329e-08 8.596188147135247819e-09 2.842415696411795194e-07 -3.391635069929380122e-06 -9.146057655511838087e-06 8.425550871826747819e-06 -1.447240468436772048e-06 -7.259022864757901880e-09 1.093489225127013869e-09 -8.008700681493638370e-09 -1.011445310853907078e-08
-4.614788384543629326e-08 1.427323252774783932e-08 -7.949660396554930631e-10 -2.134721924319247251e-10 1.828418282052145939e-09 -2.321221249967523854e-08 1.015031730021455457e-07 -4.492969118251271378e-09 -4.509405734596740939e-09 4.076829299516683490e-07 1.118277948653814777e-03 -1.215727550771795882e-07 -2.939541829437857491e-05 1.663988990137382721e-05 4.543274111678518265e-06 -3.565104880735825535e-05 2.822267288093383507e-04 5.360857178087434895e-04 -6.819269395480271776e-04 -1.195353115123994232e-03 1.486224451100066121e-03 1.779023357360741278e-03 -3.783214009792756073e-07 -1.913397939131575354e-07 3.939185658257738550e-07 -1.774928453597539048e-07 3.452335688225150534e-09 2.046001264143840921e-06 -4.890488509761489413e-10 1.271350814470409369e-08 1.561630843458669918e-08 2.358142792357849578e-08 -1.934570186867574745e-07 -7.080667812621383832e-09 -6.190442697373562956e-06 4.585297770505343372e-06 -1.658700447900389382e-06 6.201592229519778530e-10 -1.158042630968841781e-08 -2.612871363334222768e-08 -7.006781725487711278e-09
-2.353334877128493430e-03 -3.701920051181624080e-03 -1.164514586481867991e-04 -1.273036109229400007e-04 3.546920121863036545e-04 1.588965578748827078e-05 -1.283455578662277569e-03 7.732642447199516208e-04 -8.284841948841903739e-04 1.118277948653814777e-03 1.933666304144502419e+02 -1.694133886513368437e-01 1.364812713151865031e+00 -1.110604260471463878e+00 1.136549151433360105e+00 -2.166725541386839426e-01 -1.550197263839749873e+01 -7.674290853769872456e+01 9.618425841692939571e+01 9.640991332236150413e+01 -2.869797652404510124e+00 -6.586845334100001992e+02 5.309667461219227209e-04 7.661265535032122883e-05 -1.077805240210811047e-02 -5.886734765631895794e-03 -3.717279539055920977e-03 1.014989217825413084e-02 1.050143214285777149e-05 6.552845099197907280e-05 2.471607748699026835e-04 4.460943077112304264e-04 8.652376759971207310e-02 1.496883443902285726e-01 -2.207660129196852283e-01 -4.696029950214148374e-01 3.038410777432453205e-02 -1.513226457546892900e-04 6.375093709243782056e-04 5.224757159502975293e-04 -3.395871879736825447e-04
1.015005580604790540e-04 2.676575554921526923e-05 1.070382062922798875e-06 1.480919146658131393e-07 1.754111040942518431e-06 3.084877209914639763e-05 -2.405374946761354129e-05 7.625897418003925010e-06 4.446522722414403838e-06 -1.215727550771795882e-07 -1.694133886513368437e-01 8.235554022987530420e-02 4.954193066804225311e-03 -1.162313901002885903e-02 -6.626240652514853169e-03 1.002339152218837889e-02 5.787291390175505756e-02 2.782337030340267109e-02 -6.500800548972477388e-01 1.098544702951552932e+00 2.175689100439880175e+00 3.307741368152269379e-01 1.414360653524054999e-04 7.827147742618476096e-06 -3.475707407538695064e-05 -1.154823399218130313e-04 1.240522258485364981e-04 6.330005955382984623e-04 -2.557945846562114964e-06 -9.871077953138141112e-07 -9.396518756043826765e-07 8.465401418349592245e-07 7.912907171602024748e-04 2.065831676135522314e-03 -3.644035162816225241e-03 -3.852291286148883543e-03 8.046174240020189175e-04 -1.369675232697887442e-05 4.673170401427596726e-06 -4.027682979307373623e-06 5.377264169035556854e-06
-5.364627513098653693e-04 -4.951411730097216154e-04 -3.293218309904487938e-06 -1.146825368295337314e-05 -7.306093297008625290e-06 -2.240027904702605090e-06 6.544437717576245990e-04 3.803609043808129926e-05 1.223909201051484022e-04 -2.939541829437857491e-05 1.364812713151865031e+00 4.954193066804225311e-03 4.469787858376806255e+00 -3.364122573112404702e+00 -2.386771147921200320e-01 1.657987592798074172e-01 1.197983357213140643e+00 8.840339348268780872e-01 -1.859770312561598260e+01 1.408066948301019039e+01 3.701222297276073903e+01 2.115499723077916272e+01 -1.568436508256710140e-04 -2.498836092205528091e-04 7.165290108367480945e-04 -1.025428910886037924e-04 -6.097033875566123043e-04 -1.122365102807749461e-02 1.262732131255058329e-06 -3.160361050536903235e-05 -8.014495905896814384e-05 5.784987628235351091e-05 -2.704100046166480441e-03 -4.691988206115609711e-02 -5.257624620683178378e-05 -4.496275910187695277e-03 2.095232475896057790e-04 2.838326988063481711e-05 -3.345179891827844529e-05 -7.785835561905187809e-05 -4.773115623452975635e-05
-4.267545557151754829e-04 -5.593440397643423484e-04 -4.643455070627622992e-06 -1.135960895791560009e-05 1.867714506829696200e-05 1.224597039661442999e-06 2.150148597375417363e-04 -7.374311677779293612e-05 -8.982046781127117022e-05 1.663988990137382721e-05 -1.110604260471463878e+00 -1.162313901002885903e-02 -3.364122573112404702e+00 6.745371314807163010e+00 1.904518566887355158e-01 -9.907288220778052990e-02 -8.700482282341053253e-01 -5.336690019917320615e-01 1.289976402803611855e+01 -1.245651580739126985e+01 -3.006169750883741187e+01 -1.825549270649657174e+01 -6.489823472058119406e-04 6.259839156899019283e-04 -3.439303654873758411e-03 2.792018869125081426e-04 -2.276904666792728838e-03 -3.044931988792760305e-04 6.312752595321775308e-05 5.562888594830350602e-05 1.209599340806353818e-04 -1.328471875689000384e-04 -8.478950195665098562e-04 3.279859379796060820e-02 -1.369465683094875201e-02 2.723459928773773291e-04 -8.308193068667625797e-04 6.776510582798228155e-05 -5.411250728955571243e-05 -2.440760384975721673e-05 -2.408526184577871636e-05
-1.870319870943958507e-04 2.684940639943933158e-04 1.723889834123639423e-05 1.217444428518384796e-06 -2.117921112896653844e-05 1.264592918049013042e-04 3.088643711456959934e-04 -2.347041231499530795e-06 1.410055410386484354e-04 4.543274111678518265e-06 1.136549151433360105e+00 -6.626240652514853169e-03 -2.386771147921200320e-01 1.904518566887355158e-01 3.416710612518949031e+00 5.264797462240069503e-01 1.422624197631469634e-01 -1.405186427395107573e-01 -4.055754578864644522e+00 9.002565467135223543e+00 7.072488793114439787e+00 3.685663172205870364e+00 6.778816049577924619e-05 4.306272364614296966e-05 -1.951962649862397413e-03 -1.448509616236731232e-05 3.814813459312396834e-04 1.274197225254639727e-03 3.460367217687516911e-05 8.451624090620336730e-05 4.545164078945643807e-05 7.233830029660653503e-05 -8.640893210040804812e-04 -3.610217003098174088e-02 -2.333630151359232519e-02 -2.103060695713912173e-03 -1.153770900118935953e-02 2.063249480338823937e-05 -1.205046160810183849e-05 -7.936215441197110086e-05 6.987061092947949770e-05
-5.601416154833309706e-04 8.732180124629339377e-05 3.955568745879943032e-06 -6.806616372507105782e-06 -1.207546417252448693e-05 -1.008249378061091455e-04 -4.749274038700345714e-04 2.444470791652709023e-05 -1.406301695629248857e-04 -3.565104880735825535e-05 -2.166725541386839426e-01 1.002339152218837889e-02 1.657987592798074172e-01 -9.907288220778052990e-02 5.264797462240069503e-01 3.285812509499890233e+00 2.678495814798916630e+00 2.818453517744253567e+00 3.612723804320479903e+00 -1.193380005014924450e+01 -6.505677074607705279e+00 -2.032406947610865711e+00 1.330794353921702653e-03 -9.878048311032614111e-04 -5.738603755511461008e-04 -9.321542614336500443e-04 -1.430398161402503384e-03 2.545840066064722438e-03 -1.477635429376920057e-05 -1.868652460946278869e-06 -2.520602443357140986e-05 -4.643800670347113008e-05 -2.880294227410400230e-03 -7.642618426406539746e-03 -2.781846512839805663e-02 -1.857675586370858417e-02 -7.722928663150911352e-03 -3.020885333229363694e-05 -3.444009644644363435e-05 1.924274193972747615e-05 5.806558396704184104e-06
-1.370224711588887388e-03 -9.357714940077217292e-04 1.307692093780156012e-05 -2.754676467854773664e-05 3.147803651216191150e-05 -1.629591348269880983e-04 4.844534373483081542e-05 -1.042264730732845945e-04 -7.984431689454888096e-05 2.822267288093383507e-04 -1.550197263839749873e+01 5.787291390175505756e-02 1.197983357213140643e+00 -8.700482282341053253e-01 1.422624197631469634e-01 2.678495814798916630e+00 1.549087242951114618e+01 2.804148420859369395e+01 1.481942856381425599e+01 2.543043759329939490e+01 -3.895956402323814416e+01 -7.187392510943046098e+00 1.677519944716055313e-03 -1.540423285124962235e-03 -1.726969373939585750e-03 -4.370097071445084094e-03 1.059713093954449794e-03 7.515985052833233648e-03 1.113611206843609895e-04 -1.293836475288566293e-04 -8.321481883650723216e-05 -6.751395627234511171e-05 6.011587876646278666e-03 8.677696156125590254e-02 9.744560524957376901e-02 1.178713410992909688e-01 2.548930052510159448e-04 8.539838182989205665e-05 -1.784722225027632250e-04 1.065471101272600621e-04 -5.200052971883473152e-05
-8.383567979576702711e-05 -3.492540445881450934e-04 2.260393450518557965e-05 -1.576545249146192159e-05 5.615466863283932676e-06 -6.579407935795165323e-04 -1.635735327026485893e-03 6.930758847090870509e-04 8.236568702491310341e-05 5.360857178087434895e-04 -7.674290853769872456e+01 2.782337030340267109e-02 8.840339348268780872e-01 -5.336690019917320615e-01 -1.405186427395107573e-01 2.818453517744253567e+00 2.804148420859369395e+01 7.652716438598744730e+01 5.602621261581041345e+00 2.706106780289517388e+01 -5.308576807036916279e+01 1.139519232399223512e+02 -1.118546428617801970e-04 -4.032750517772117592e-03 1.604147222029367217e-04 -6.659100170546597072e-03 5.005037009206832720e-03 2.101747656355525129e-02 2.795846876481902191e-04 -4.108133964345415511e-04 -2.193336580166723685e-04 -2.534504497231707663e-04 -1.987340441172264285e-02 1.027977742036936953e-01 1.696980221170154290e-01 3.909836089439125972e-01 -2.655874145663937591e-02 5.856630659412405252e-05 -4.199666006924698022e-04 -6.105378520268799839e-05 -9.150204670139415136e-06
-4.802578999388851244e-02 -5.977411088623523633e-02 -3.228242660471142820e-04 -1.035895340694436423e-03 1.501177605560543573e-03 -6.430507979720931355e-03 1.441814818658083107e-02 1.819465140720128837e-03 2.823351923040535918e-03 -6.819269395480271776e-04 9.618425841692939571e+01 -6.500800548972477388e-01 -1.859770312561598260e+01 1.289976402803611855e+01 -4.055754578864644522e+00 3.612723804320479903e+00 1.481942856381425599e+01 5.602621261581041345e+00 2.439683360906604321e+03 1.598018517729427913e+03 9.361440253134049954e+02 4.889812874725747633e+02 -6.869063616444884626e-03 5.112642763963786904e-03 -5.190633645914347234e-03 1.886832483841466290e-02 2.179408216860999944e-03 -1.796558085321438292e-01 -5.151943209334917647e-04 3.695335127991951026e-04 2.009229830266848291e-03 1.607153080120832982e-03 -3.291135573984724921e-02 5.033754357443394056e-01 -1.334621815694411628e+00 2.202616684033841032e+00 4.184674021402021854e-02 9.086939728241778987e-04 1.794593053800829603e-04 2.287584852219558870e-03 -1.221712959932122087e-03
-5.501253606405858559e-02 -6.906164887946902864e-02 -4.107135229415098611e-04 -1.420321954498875768e-03 2.364921414858348492e-03 -1.487597740023239743e-03 6.157761110644358136e-04 -1.232612817555538576e-03 -7.849615673037347099e-03 -1.195353115123994232e-03 9.640991332236150413e+01 1.098544702951552932e+00 1.408066948301019039e+01 -1.245651580739126985e+01 9.002565467135223543e+00 -1.193380005014924450e+01 2.543043759329939490e+01 2.706106780289517388e+01 1.598018517729427913e+03 3.081333028883931092e+03 2.356389800112583544e+03 1.543449109296563392e+03 -2.150946998239115001e-03 9.161837137358746705e-03 -3.261632476605978020e-02 1.239603522819346555e-02 3.119535009602235343e-02 -1.721784160153193022e-01 5.188913335974830281e-04 1.444937690575511793e-03 -5.757166601038269478e-04 1.459629099665238567e-03 9.984955784226132169e-02 1.060074956258260981e+00 -7.601151972928155143e-01 1.392819930733100176e+00 2.309175484991417004e-01 1.738949687579212366e-03 -1.783517702130405229e-04 8.764884939341735385e-04 -3.453147305869723428e-05
-3.282402560928777274e-02 -4.904014754847017821e-02 -3.633846443047056870e-04 -1.054098263605586852e-03 1.740538556613014385e-03 -3.074810024025459009e-04 4.545147017181274014e-03 1.532223990121321829e-03 -4.864300506088098733e-03 1.486224451100066121e-03 -2.869797652404510124e+00 2.175689100439880175e+00 3.701222297276073903e+01 -3.006169750883741187e+01 7.072488793114439787e+00 -6.505677074607705279e+00 -3.895956402323814416e+01 -5.308576807036916279e+01 9.361440253134049954e+02 2.356389800112583544e+03 3.420880109736361192e+03 3.376378484086664230e+03 1.825523279068259940e-03 2.338971742247738378e-02 -2.394099978655825009e-02 4.357260742337035891e-02 7.336981163007016971e-03 9.169475998161080721e-02 -2.773619592838664182e-03 1.800532136180485378e-03 3.981339095429492080e-04 1.942334774681021142e-03 5.763802899860573370e-02 3.883679718021867261e-02 -1.974215620365361579e+00 4.230475003242784582e-01 1.630706766123078966e-01 1.426588054748951584e-03 2.366081859662003605e-04 -1.619474421954579871e-03 -6.563146704661837298e-04
-1.264459959691184576e-02 -3.091189401194058620e-02 2.010738438232413878e-04 -4.535258260258304510e-04 1.907883819415798752e-04 5.444400593580553480e-04 1.614531798754138478e-02 1.499208409248920263e-03 -1.605061015063742645e-03 1.779023357360741278e-03 -6.586845334100001992e+02 3.307741368152269379e-01 2.115499723077916272e+01 -1.825549270649657174e+01 3.685663172205870364e+00 -2.032406947610865711e+00 -7.187392510943046098e+00 1.139519232399223512e+02 4.889812874725747633e+02 1.543449109296563392e+03 3.376378484086664230e+03 6.484252702663927266e+03 6.011454127887209779e-03 3.526927057224869821e-02 3.602129467737751750e-02 8.816918622366305691e-02 -2.257182110332341118e-02 1.504450650832644676e-01 -4.443171806921375304e-03 2.772500855661771263e-03 7.755564315905862397e-04 1.036968749514228768e-03 -1.782485174800147176e-01 -7.565221178901792021e-01 -1.572044353215878543e+00 1.509069089942336017e+00 1.618469064543020808e-01 3.047416959343424853e-03 -2.007818531564249838e-03 -3.944275647844040257e-03 -2.594553690359953000e-04
-1.241738368372787246e-05 -2.932079403107441245e-06 4.022032682912504635e-08 -1.163184112501901516e-07 7.879114621010916637e-07 -5.527746255324909348e-06 -4.648832051539269217e-06 -1.505423949507675306e-06 -4.687739001461096966e-08 -3.783214009792756073e-07 5.309667461219227209e-04 1.414360653524054999e-04 -1.568436508256710140e-04 -6.489823472058119406e-04 6.778816049577924619e-05 1.330794353921702653e-03 1.677519944716055313e-03 -1.118546428617801970e-04 -6.869063616444884626e-03 -2.150946998239115001e-03 1.825523279068259940e-03 6.011454127887209779e-03 1.483474126890572519e-03 2.666971792426244166e-04 1.140961846512846055e-04 -3.637083541847925734e-04 -1.046636216248797961e-04 -7.812101020611292518e-05 1.883543226250410831e-06 1.518943756016274349e-06 1.297579312157323660e-06 6.706225962922012729e-07 1.079647136315010588e-04 8.372556995416217517e-04 -6.408741159011041881e-04 1.182298628871488117e-03 -3.068469035183176406e-05 -8.289880795452842163e-07 1.930915939310222185e-07 -1.661025650566744598e-06 3.143262279273564542e-07
-1.051590503544990169e-05 -1.669729410796549824e-06 1.499778301622779206e-07 -3.772122975816021321e-08 -8.238857506598953538e-08 -3.034456329216655993e-06 3.012504697043202652e-07 -1.549099548139779464e-06 -1.981415261798369295e-07 -1.913397939131575354e-07 7.661265535032122883e-05 7.827147742618476096e-06 -2.498836092205528091e-04 6.259839156899019283e-04 4.306272364614296966e-05 -9.878048311032614111e-04 -1.540423285124962235e-03 -4.032750517772117592e-03 5.112642763963786904e-03 9.161837137358746705e-03 2.338971742247738378e-02 3.526927057224869821e-02 2.666971792426244166e-04 8.891911057328293977e-04 3.175705411441002979e-05 7.466017901376581587e-04 3.205116537353263923e-05 -7.265205879415377165e-04 -7.156893222011508438e-07 -7.195360130354188276e-07 4.179837937939622926e-07 -1.036153915141582971e-06 -1.229255956721807361e-04 -4.887327105130878950e-04 -3.335131780988804547e-05 1.014847480842825337e-03 1.614148866610457965e-04 -9.628195166830816532e-07 2.511091883475637133e-07 -5.377380983851611067e-07 -6.988161971033114196e-07
-1.722574458262726287e-05 4.036441084659199546e-06 -2.180036195438708479e-07 1.209445418338772596e-07 -1.320843290380459073e-06 -7.950108240631950686e-06 4.430835199486227036e-05 8.126322839867728046e-07 -3.380448868095084519e-07 3.939185658257738550e-07 -1.077805240210811047e-02 -3.475707407538695064e-05 7.165290108367480945e-04 -3.439303654873758411e-03 -1.951962649862397413e-03 -5.738603755511461008e-04 -1.726969373939585750e-03 1.604147222029367217e-04 -5.190633645914347234e-03 -3.261632476605978020e-02 -2.394099978655825009e-02 3.602129467737751750e-02 1.140961846512846055e-04 3.175705411441002979e-05 7.156246669507241968e-03 -3.229566407581645204e-04 6.705983347833196703e-04 4.676357539253880174e-03 1.681943099117675644e-06 -1.917319584810921543e-06 -8.039687559916803423e-07 -1.269253485253656724e-06 7.147605302098956762e-05 4.879532384601522406e-04 -7.658242639632135019e-04 2.433120431624990511e-04 -1.330845877915474789e-04 -3.922229995577141117e-06 -5.602734031342401470e-07 3.231017492341239496e-08 1.919136962846807222e-06
-2.185803948954458901e-05 -1.073187257646183132e-05 -3.086686435351317767e-07 -2.471116709362412564e-07 2.321210759695739381e-06 -1.082207898612905469e-05 -2.318694675856664331e-05 -1.529775435107898327e-06 -1.633192013019000085e-07 -1.774928453597539048e-07 -5.886734765631895794e-03 -1.154823399218130313e-04 -1.025428910886037924e-04 2.792018869125081426e-04 -1.448509616236731232e-05 -9.321542614336500443e-04 -4.370097071445084094e-03 -6.659100170546597072e-03 1.886832483841466290e-02 1.239603522819346555e-02 4.357260742337035891e-02 8.816918622366305691e-02 -3.637083541847925734e-04 7.466017901376581587e-04 -3.229566407581645204e-04 2.974420471121918142e-03 5.214237660931301480e-04 -1.101707406481756621e-03 -7.240833532783659922e-07 -1.841664601307177877e-06 -2.267797825151309905e-06 -3.516807336115582067e-07 -1.750458236479787613e-04 -1.452999808807303207e-03 3.432469161341650710e-04 -9.612160196523628335e-04 4.997107633605611752e-04 1.028568547541597077e-07 -1.722765356421328114e-06 -1.086578861021906155e-06 -6.922244555202290027e-07
-5.444354713301168772e-06 -7.981489871744689284e-06 -8.355734201487184735e-07 -1.684258252226376100e-07 1.537485337054296040e-06 -4.182228765976396487e-06 1.007154942359135719e-05 -7.132316183338014250e-07 2.136775915723538354e-07 3.452335688225150534e-09 -3.717279539055920977e-03 1.240522258485364981e-04 -6.097033875566123043e-04 -2.276904666792728838e-03 3.814813459312396834e-04 -1.430398161402503384e-03 1.059713093954449794e-03 5.005037009206832720e-03 2.179408216860999944e-03 3.119535009602235343e-02 7.336981163007016971e-03 -2.257182110332341118e-02 -1.046636216248797961e-04 3.205116537353263923e-05 6.705983347833196703e-04 5.214237660931301480e-04 6.748033538105823424e-03 7.815052889323723453e-03 1.339957948492039074e-08 -2.052446284285863249e-06 -1.715252882175836293e-06 -6.658061130545974006e-07 -2.492138475064227076e-04 4.519938691942094263e-04 -8.457554789032796722e-04 4.038049181537975776e-04 2.534553557266766631e-04 -4.604978456579439513e-07 -7.404286000246258126e-08 4.630858636614910429e-07 -2.557720984087832637e-06
5.121520397345314865e-05 -4.458675342721590308e-05 -6.493449449933412170e-06 -2.231090374428955413e-06 1.463781811339903787e-05 -1.090760796859045023e-05 -1.025145478976347203e-04 1.897366719229633079e-05 -1.125385848195635568e-06 2.046001264143840921e-06 1.014989217825413084e-02 6.330005955382984623e-04 -1.122365102807749461e-02 -3.044931988792760305e-04 1.274197225254639727e-03 2.545840066064722438e-03 7.515985052833233648e-03 2.101747656355525129e-02 -1.796558085321438292e-01 -1.721784160153193022e-01 9.169475998161080721e-02 1.504450650832644676e-01 -7.812101020611292518e-05 -7.265205879415377165e-04 4.676357539253880174e-03 -1.101707406481756621e-03 7.815052889323723453e-03 8.199425826631798198e-02 4.235880663079594223e-06 -2.927798536482057391e-06 -2.154044545705125236e-07 9.675189050470204093e-06 1.536254598877641190e-03 2.445870279595015271e-03 1.815185457156442289e-04 -2.863342534312902574e-03 1.084490802239983882e-03 -1.406812082266792102e-06 -2.851170076777246106e-07 4.870061661070705987e-06 -5.197216410784316088e-06
2.248162530528608435e-06 -7.169920856642591816e-07 -2.242581508536076007e-08 -2.547973844048835009e-08 2.573269316622118138e-07 8.288175116030422516e-07 3.660967442483351335e-06 2.180888329795959801e-08 -1.212703808946771331e-08 -4.890488509761489413e-10 1.050143214285777149e-05 -2.557945846562114964e-06 1.262732131255058329e-06 6.312752595321775308e-05 3.460367217687516911e-05 -1.477635429376920057e-05 1.113611206843609895e-04 2.795846876481902191e-04 -5.151943209334917647e-04 5.188913335974830281e-04 -2.773619592838664182e-03 -4.443171806921375304e-03 1.883543226250410831e-06 -7.156893222011508438e-07 1.681943099117675644e-06 -7.240833532783659922e-07 1.339957948492039074e-08 4.235880663079594223e-06 2.440415220694382479e-05 4.050683504970191972e-07 -2.826006856910430414e-07 -6.940802342256041092e-08 2.763529820896841525e-04 -8.932773529182199768e-05 8.312679790655678851e-05 3.537154629117289929e-05 -8.788357716038777521e-08 -7.781169912568113626e-08 2.671491662331940984e-07 7.921360364798328802e-08 9.387186653022961382e-08
-6.364493073698778862e-07 -6.217796654026793330e-08 3.479987513024041591e-09 8.435674778689583246e-09 -6.114604558653971842e-08 -2.227465367764706429e-07 -2.267577104599249615e-06 -3.149440376034417097e-08 -5.843671497471568196e-09 1.271350814470409369e-08 6.552845099197907280e-05 -9.871077953138141112e-07 -3.160361050536903235e-05 5.562888594830350602e-05 8.451624090620336730e-05 -1.868652460946278869e-06 -1.293836475288566293e-04 -4.108133964345415511e-04 3.695335127991951026e-04 1.444937690575511793e-03 1.800532136180485378e-03 2.772500855661771263e-03 1.518943756016274349e-06 -7.195360130354188276e-07 -1.917319584810921543e-06 -1.841664601307177877e-06 -2.052446284285863249e-06 -2.927798536482057391e-06 4.050683504970191972e-07 2.350105541209083053e-05 3.815877622630706976e-07 4.818394870420758031e-07 1.393088366479509400e-04 2.953733296361243650e-04 1.563019763071515716e-04 -6.476650589889868317e-05 -2.036720000318112414e-05 1.225394484512915246e-07 -3.842413777961275084e-07 8.794707026786556933e-08 -2.740452071887393948e-08
-1.961489936311420242e-06 7.752302113972547582e-07 2.321659806361201182e-08 2.980518840250747730e-08 -2.683032231804218083e-07 -5.052907916375961144e-07 -9.250269821868948951e-06 -2.287936651871436773e-07 3.116425444144364329e-08 1.561630843458669918e-08 2.471607748699026835e-04 -9.396518756043826765e-07 -8.014495905896814384e-05 1.209599340806353818e-04 4.545164078945643807e-05 -2.520602443357140986e-05 -8.321481883650723216e-05 -2.193336580166723685e-04 2.009229830266848291e-03 -5.757166601038269478e-04 3.981339095429492080e-04 7.755564315905862397e-04 1.297579312157323660e-06 4.179837937939622926e-07 -8.039687559916803423e-07 -2.267797825151309905e-06 -1.715252882175836293e-06 -2.154044545705125236e-07 -2.826006856910430414e-07 3.815877622630706976e-07 2.406615626890459841e-05 3.474235958546961615e-08 -3.586693159716814681e-05 3.429312556910356867e-05 -1.060576723413115088e-05 1.611276409064705585e-04 6.525128879887778456e-06 -5.539276265962195320e-08 3.993386461815719278e-07 -5.300032914218956576e-07 -2.510097674596685852e-08
-6.938293064824045701e-07 6.580342492838894761e-07 3.274052620666877609e-08 1.695208882944202190e-08 -1.049093147016896547e-07 -1.034098273271191399e-07 -3.190075358286933613e-06 -1.248309510450087323e-07 8.596188147135247819e-09 2.358142792357849578e-08 4.460943077112304264e-04 8.465401418349592245e-07 5.784987628235351091e-05 -1.328471875689000384e-04 7.233830029660653503e-05 -4.643800670347113008e-05 -6.751395627234511171e-05 -2.534504497231707663e-04 1.607153080120832982e-03 1.459629099665238567e-03 1.942334774681021142e-03 1.036968749514228768e-03 6.706225962922012729e-07 -1.036153915141582971e-06 -1.269253485253656724e-06 -3.516807336115582067e-07 -6.658061130545974006e-07 9.675189050470204093e-06 -6.940802342256041092e-08 4.818394870420758031e-07 3.474235958546961615e-08 2.488151096037774585e-05 -2.898696796010737187e-05 -1.044378504916464590e-04 1.354219716411786650e-04 -1.434865358934578523e-04 -5.608665651566457726e-06 -8.588967745245083101e-08 9.888669036827581818e-09 2.237925772150406203e-07 -1.965611457450483330e-07
9.935954137100415969e-04 -6.666978017289683194e-04 -2.676869366955415505e-05 -2.114587254760033958e-05 2.167894071497497880e-04 2.358941701067349334e-04 4.184895530775448874e-03 2.656668155668916095e-05 2.842415696411795194e-07 -1.934570186867574745e-07 8.652376759971207310e-02 7.912907171602024748e-04 -2.704100046166480441e-03 -8.478950195665098562e-04 -8.640893210040804812e-04 -2.880294227410400230e-03 6.011587876646278666e-03 -1.987340441172264285e-02 -3.291135573984724921e-02 9.984955784226132169e-02 5.763802899860573370e-02 -1.782485174800147176e-01 1.079647136315010588e-04 -1.229255956721807361e-04 7.147605302098956762e-05 -1.750458236479787613e-04 -2.492138475064227076e-04 1.536254598877641190e-03 2.763529820896841525e-04 1.393088366479509400e-04 -3.586693159716814681e-05 -2.898696796010737187e-05 2.463431070876857809e-01 4.575581579883178929e-01 3.743030335458019057e-03 -1.490519054580349487e-02 2.347530875412641698e-03 6.381139220271343782e-05 6.529747906355128832e-05 -1.802126654194841031e-05 1.978035561597888802e-05
1.659747673409230333e-03 -1.005457987257872641e-03 -3.013547423905016211e-05 -3.578975988888600591e-05 2.946810637109641639e-04 5.518307354355889540e-04 5.227549317837486102e-03 -2.339808012184206495e-05 -3.391635069929380122e-06 -7.080667812621383832e-09 1.496883443902285726e-01 2.065831676135522314e-03 -4.691988206115609711e-02 3.279859379796060820e-02 -3.610217003098174088e-02 -7.642618426406539746e-03 8.677696156125590254e-02 1.027977742036936953e-01 5.033754357443394056e-01 1.060074956258260981e+00 3.883679718021867261e-02 -7.565221178901792021e-01 8.372556995416217517e-04 -4.887327105130878950e-04 4.879532384601522406e-04 -1.452999808807303207e-03 4.519938691942094263e-04 2.445870279595015271e-03 -8.932773529182199768e-05 2.953733296361243650e-04 3.429312556910356867e-05 -1.044378504916464590e-04 4.575581579883178929e-01 6.017821075928829089e+00 2.820670838515972750e-02 -2.032646956158850812e-02 5.843679060154774452e-03 -7.866444958292994380e-05 1.709871368141747231e-05 4.979122877950298992e-05 1.272827357853217683e-04
3.386563183442749367e-04 4.683067543410665925e-06 -2.223483153135435650e-05 -1.726999175216475381e-06 1.032464664184568564e-05 1.276941026500247659e-04 1.394489947001868800e-04 5.371057885379070674e-06 -9.146057655511846557e-06 -6.190442697373566344e-06 -2.207660129196852283e-01 -3.644035162816229578e-03 -5.257624620684245639e-05 -1.369465683094875895e-02 -2.333630151359235294e-02 -2.781846512839807745e-02 9.744560524957376901e-02 1.696980221170154846e-01 -1.334621815694411184e+00 -7.601151972928157363e-01 -1.974215620365361579e+00 -1.572044353215877210e+00 -6.408741159011037544e-04 -3.335131780988793027e-05 -7.658242639632139356e-04 3.432469161341651252e-04 -8.457554789032759859e-04 1.815185457156523333e-04 8.312679790655677495e-05 1.563019763071515445e-04 -1.060576723413123050e-05 1.354219716411785837e-04 3.743030335458019057e-03 2.820670838515972750e-02 8.384274008762551134e+00 8.278817493894014001e-02 1.411111718435718171e-02 -2.981410862063071520e-05 -4.125937372743187430e-05 1.083251875137468501e-05 -1.191603677483360463e-04
5.623409552884008327e-04 -2.655176276110507482e-04 -1.956823319720755626e-05 -7.127075390554957992e-06 2.192526087032154440e-05 6.074839156281859533e-05 -2.693959170274952668e-03 1.677337098979588730e-04 8.425550871826747819e-06 4.585297770505343372e-06 -4.696029950214148374e-01 -3.852291286148883543e-03 -4.496275910187695277e-03 2.723459928773773291e-04 -2.103060695713912173e-03 -1.857675586370858417e-02 1.178713410992909688e-01 3.909836089439125972e-01 2.202616684033841032e+00 1.392819930733100176e+00 4.230475003242784582e-01 1.509069089942336017e+00 1.182298628871488117e-03 1.014847480842825337e-03 2.433120431624990511e-04 -9.612160196523628335e-04 4.038049181537975776e-04 -2.863342534312902574e-03 3.537154629117289929e-05 -6.476650589889868317e-05 1.611276409064705585e-04 -1.434865358934578523e-04 -1.490519054580349487e-02 -2.032646956158850812e-02 8.278817493894014001e-02 8.338486330422002268e+00 -6.299687745019566000e-03 5.961709219905430142e-05 -5.245587762826751596e-05 8.484994188479613094e-07 5.641627836137145900e-05
-3.229471879306911877e-05 -9.722463989712322062e-05 -2.650485708067738185e-06 -1.550619017235301390e-06 1.826091922348682615e-05 -3.351385928336867793e-05 3.867832714902440770e-05 2.366772265120382461e-06 -1.447240468436772048e-06 -1.658700447900389382e-06 3.038410777432453205e-02 8.046174240020189175e-04 2.095232475896057790e-04 -8.308193068667625797e-04 -1.153770900118935953e-02 -7.722928663150911352e-03 2.548930052510159448e-04 -2.655874145663937591e-02 4.184674021402021854e-02 2.309175484991417004e-01 1.630706766123078966e-01 1.618469064543020808e-01 -3.068469035183176406e-05 1.614148866610457965e-04 -1.330845877915474789e-04 4.997107633605611752e-04 2.534553557266766631e-04 1.084490802239983882e-03 -8.788357716038777521e-08 -2.036720000318112414e-05 6.525128879887778456e-06 -5.608665651566457726e-06 2.347530875412641698e-03 5.843679060154774452e-03 1.411111718435718171e-02 -6.299687745019566000e-03 3.323826158550330923e-01 -1.286440212506457949e-05 -2.247304606565449171e-05 -7.083797024002566564e-06 -2.241951775242042168e-06
