[cosmological_parameters]
omega_m      =  0.1     0.3     0.9
h0           =  0.55    0.69    0.91
omega_b      =  0.03    0.048   0.07
n_s          =  0.87    0.97    1.07
A_s          =  0.5e-09 2.19e-9 5.0e-09
omnuh2       =  0.0006  0.00083 0.00644
w            =  -1.0
massive_nu   =  3
massless_nu  =  0.046
omega_k      =  0.0
tau          =  0.0697186

[bias_lens]
b1 = 0.8  1.7   3.0
b2 = 0.8  1.7   3.0
b3 = 0.8  1.7   3.0
b4 = 0.8  2.0   3.0
b5 = 0.8  2.0   3.0

[mag_alpha_lens]
alpha_1 =  1.31
alpha_2 = -0.52
alpha_3 =  0.34
alpha_4 =  2.25
alpha_5 =  1.97

[intrinsic_alignment_parameters]
z_piv   =  0.62
A1      = -5.0   0.7  5.0
A2      = -5.0  -1.36 5.0
alpha1  = -5.0  -1.7  5.0
alpha2  = -5.0  -2.5  5.0
bias_ta =  0.0   1.0  2.0